392,610,1.00
393,610,1.00
394,610,1.00
395,610,1.00
396,610,1.00
397,610,1.00
398,610,1.00
391,611,1.00
392,611,1.00
393,611,1.00
394,611,1.00
395,611,1.00
396,611,1.00
397,611,1.00
398,611,1.00
399,611,1.00
390,612,0.77
391,612,1.00
392,612,1.00
393,612,1.00
394,612,1.00
395,612,1.00
396,612,1.00
397,612,1.00
398,612,1.00
399,612,1.00
400,612,1.00
390,613,1.00
391,613,1.00
392,613,1.00
393,613,1.00
394,613,1.00
395,613,1.00
396,613,1.00
397,613,1.00
398,613,1.00
399,613,1.00
400,613,1.00
390,614,1.00
391,614,1.00
392,614,1.00
393,614,1.00
394,614,1.00
395,614,1.00
396,614,1.00
397,614,1.00
398,614,1.00
399,614,1.00
400,614,1.00
390,615,1.00
391,615,1.00
392,615,1.00
393,615,1.00
394,615,1.00
395,615,1.00
396,615,1.00
397,615,1.00
398,615,1.00
399,615,1.00
400,615,1.00
390,616,0.96
391,616,1.00
392,616,1.00
393,616,1.00
394,616,1.00
395,616,1.00
396,616,1.00
397,616,1.00
398,616,1.00
399,616,1.00
400,616,0.96
390,617,0.61
391,617,1.00
392,617,1.00
393,617,1.00
394,617,1.00
395,617,1.00
396,617,1.00
397,617,1.00
398,617,1.00
399,617,1.00
400,617,0.61
390,618,0.17
391,618,1.00
392,618,1.00
393,618,1.00
394,618,1.00
395,618,1.00
396,618,1.00
397,618,1.00
398,618,1.00
399,618,1.00
400,618,0.17
391,619,0.34
392,619,1.00
393,619,1.00
394,619,1.00
395,619,1.00
396,619,1.00
397,619,1.00
398,619,1.00
399,619,0.34
392,620,0.17
393,620,0.61
394,620,0.90
395,620,1.00
396,620,0.90
397,620,0.61
398,620,0.17
392,608,0.98
393,608,1.00
394,608,1.00
395,608,1.00
396,608,1.00
397,608,1.00
398,608,1.00
391,609,0.62
392,609,1.00
393,609,1.00
394,609,1.00
395,609,1.00
396,609,1.00
397,609,1.00
398,609,1.00
399,609,1.00
390,610,0.36
391,610,0.96
399,610,1.00
400,610,1.00
390,611,0.54
400,611,1.00
392,606,0.26
393,606,0.71
394,606,1.00
395,606,1.00
396,606,1.00
397,606,1.00
398,606,1.00
391,607,0.11
392,607,0.63
393,607,1.00
394,607,1.00
395,607,1.00
396,607,1.00
397,607,1.00
398,607,1.00
399,607,1.00
390,608,0.06
391,608,0.33
399,608,1.00
400,608,1.00
390,609,0.20
400,609,1.00
394,603,0.06
395,603,0.51
396,603,1.00
397,603,1.00
398,603,1.00
399,603,1.00
400,603,1.00
393,604,0.11
394,604,0.33
395,604,0.84
396,604,1.00
397,604,1.00
398,604,1.00
399,604,1.00
400,604,1.00
401,604,1.00
392,605,0.06
393,605,0.33
394,605,0.59
395,605,1.00
396,605,1.00
397,605,1.00
398,605,1.00
399,605,1.00
400,605,1.00
401,605,1.00
402,605,1.00
399,606,1.00
400,606,1.00
401,606,1.00
402,606,1.00
400,607,1.00
401,607,1.00
402,607,1.00
401,608,1.00
402,608,0.84
401,609,0.93
402,609,0.51
401,610,0.51
402,610,0.20
401,611,0.33
402,611,0.06
401,612,0.11
397,599,0.39
398,599,1.00
399,599,1.00
400,599,1.00
401,599,1.00
402,599,1.00
403,599,1.00
396,600,0.32
397,600,0.84
398,600,1.00
399,600,1.00
400,600,1.00
401,600,1.00
402,600,1.00
403,600,1.00
404,600,1.00
395,601,0.06
396,601,0.63
397,601,1.00
398,601,1.00
399,601,1.00
400,601,1.00
401,601,1.00
402,601,1.00
403,601,1.00
404,601,1.00
405,601,1.00
395,602,0.20
396,602,0.84
397,602,1.00
398,602,1.00
399,602,1.00
400,602,1.00
401,602,1.00
402,602,1.00
403,602,1.00
404,602,1.00
405,602,1.00
401,603,1.00
402,603,1.00
403,603,1.00
404,603,1.00
405,603,1.00
402,604,1.00
403,604,1.00
404,604,1.00
405,604,1.00
403,605,1.00
404,605,1.00
405,605,0.84
403,606,1.00
404,606,0.84
405,606,0.32
403,607,0.79
404,607,0.39
405,607,0.06
403,608,0.33
404,608,0.11
403,609,0.06
398,597,0.11
399,597,0.54
400,597,1.00
401,597,1.00
402,597,1.00
403,597,1.00
404,597,1.00
397,598,0.11
398,598,0.54
399,598,1.00
400,598,1.00
401,598,1.00
402,598,1.00
403,598,1.00
404,598,1.00
405,598,1.00
396,599,0.06
404,599,1.00
405,599,1.00
406,599,1.00
405,600,1.00
406,600,1.00
406,601,1.00
406,602,1.00
406,603,1.00
406,604,0.84
406,605,0.11
400,595,0.06
401,595,0.38
402,595,1.00
403,595,1.00
404,595,1.00
405,595,1.00
406,595,1.00
399,596,0.11
400,596,0.39
401,596,1.00
402,596,1.00
403,596,1.00
404,596,1.00
405,596,1.00
406,596,1.00
407,596,1.00
405,597,1.00
406,597,1.00
407,597,1.00
408,597,1.00
406,598,1.00
407,598,1.00
408,598,1.00
407,599,1.00
408,599,1.00
407,600,1.00
408,600,1.00
407,601,1.00
408,601,1.00
407,602,1.00
408,602,1.00
407,603,1.00
408,603,0.59
407,604,0.32
402,594,0.23
403,594,0.87
404,594,1.00
405,594,1.00
406,594,1.00
407,594,1.00
408,594,1.00
407,595,1.00
408,595,1.00
409,595,1.00
408,596,1.00
409,596,1.00
410,596,1.00
409,597,1.00
410,597,1.00
409,598,1.00
410,598,1.00
409,599,1.00
410,599,1.00
409,600,1.00
410,600,1.00
409,601,1.00
410,601,1.00
409,602,0.87
410,602,0.23
409,603,0.17
408,604,0.06
403,593,0.17
404,593,0.59
405,593,1.00
406,593,1.00
407,593,1.00
408,593,1.00
409,593,1.00
409,594,1.00
410,594,1.00
410,595,1.00
411,595,1.00
411,596,1.00
411,597,1.00
411,598,1.00
411,599,1.00
411,600,1.00
411,601,0.68
404,592,0.06
405,592,0.32
406,592,0.63
407,592,0.84
408,592,1.00
409,592,1.00
410,592,1.00
410,593,1.00
411,593,1.00
411,594,1.00
412,594,1.00
412,595,1.00
412,596,1.00
412,597,1.00
412,598,1.00
412,599,1.00
412,600,1.00
406,591,0.06
407,591,0.20
408,591,0.30
409,591,0.39
410,591,0.51
411,591,0.51
412,591,0.45
411,592,1.00
412,592,1.00
413,592,1.00
412,593,1.00
413,593,1.00
414,593,1.00
413,594,1.00
414,594,1.00
413,595,1.00
414,595,1.00
413,596,1.00
414,596,1.00
413,597,1.00
414,597,1.00
413,598,1.00
414,598,1.00
413,599,1.00
414,599,1.00
413,600,1.00
412,601,0.45
413,591,0.51
414,591,0.62
415,591,0.72
414,592,1.00
415,592,1.00
416,592,1.00
415,593,1.00
416,593,1.00
417,593,1.00
415,594,1.00
416,594,1.00
417,594,1.00
415,595,1.00
416,595,1.00
417,595,1.00
415,596,1.00
416,596,1.00
417,596,1.00
415,597,1.00
416,597,1.00
417,597,1.00
415,598,1.00
416,598,1.00
417,598,1.00
415,599,1.00
416,599,1.00
417,599,1.00
414,600,1.00
415,600,1.00
416,600,0.94
413,601,0.51
414,601,0.51
415,601,0.39
416,591,0.92
417,591,1.00
418,591,1.00
417,592,1.00
418,592,1.00
419,592,1.00
418,593,1.00
419,593,1.00
420,593,1.00
418,594,1.00
419,594,1.00
420,594,1.00
418,595,1.00
419,595,1.00
420,595,1.00
418,596,1.00
419,596,1.00
420,596,1.00
418,597,1.00
419,597,1.00
420,597,1.00
418,598,1.00
419,598,1.00
420,598,1.00
418,599,1.00
419,599,1.00
420,599,1.00
417,600,0.87
418,600,0.87
419,600,0.72
416,601,0.30
417,601,0.20
418,601,0.06
415,590,0.06
416,590,0.20
417,590,0.36
418,590,0.54
419,590,0.60
420,590,0.59
421,590,0.56
419,591,1.00
420,591,1.00
421,591,1.00
422,591,1.00
420,592,1.00
421,592,1.00
422,592,1.00
423,592,1.00
421,593,1.00
422,593,1.00
423,593,1.00
421,594,1.00
422,594,1.00
423,594,1.00
421,595,1.00
422,595,1.00
423,595,1.00
421,596,1.00
422,596,1.00
423,596,1.00
421,597,1.00
422,597,1.00
423,597,1.00
421,598,1.00
422,598,1.00
423,598,1.00
421,599,1.00
422,599,1.00
420,600,0.59
421,600,0.56
422,590,0.56
423,590,0.65
423,591,1.00
424,591,1.00
424,592,1.00
425,592,1.00
424,593,1.00
425,593,1.00
424,594,1.00
425,594,1.00
424,595,1.00
425,595,1.00
424,596,1.00
425,596,1.00
424,597,1.00
425,597,1.00
424,598,1.00
425,598,1.00
423,599,1.00
424,599,1.00
422,600,0.56
423,600,0.65
424,590,0.81
425,590,0.84
426,590,0.75
425,591,1.00
426,591,1.00
427,591,1.00
426,592,1.00
427,592,1.00
428,592,1.00
426,593,1.00
427,593,1.00
428,593,1.00
426,594,1.00
427,594,1.00
428,594,1.00
426,595,1.00
427,595,1.00
428,595,1.00
426,596,1.00
427,596,1.00
428,596,1.00
426,597,1.00
427,597,1.00
428,597,1.00
426,598,1.00
427,598,1.00
428,598,1.00
425,599,1.00
426,599,1.00
427,599,1.00
424,600,0.81
425,600,0.84
426,600,0.75
427,590,0.71
428,590,0.62
428,591,1.00
429,591,1.00
429,592,1.00
430,592,1.00
429,593,1.00
430,593,1.00
429,594,1.00
430,594,1.00
429,595,1.00
430,595,1.00
429,596,1.00
430,596,1.00
429,597,1.00
430,597,1.00
429,598,1.00
430,598,1.00
428,599,1.00
429,599,1.00
427,600,0.71
428,600,0.62
429,590,0.65
430,591,1.00
431,592,1.00
431,593,1.00
431,594,1.00
431,595,1.00
431,596,1.00
431,597,1.00
431,598,1.00
430,599,1.00
429,600,0.65
430,590,0.81
431,590,0.89
432,590,0.89
431,591,1.00
432,591,1.00
433,591,1.00
432,592,1.00
433,592,1.00
434,592,1.00
432,593,1.00
433,593,1.00
434,593,1.00
432,594,1.00
433,594,1.00
434,594,1.00
432,595,1.00
433,595,1.00
434,595,1.00
432,596,1.00
433,596,1.00
434,596,1.00
432,597,1.00
433,597,1.00
434,597,1.00
432,598,1.00
433,598,1.00
434,598,1.00
431,599,1.00
432,599,1.00
433,599,1.00
430,600,0.81
431,600,1.00
432,600,1.00
433,590,0.81
434,590,0.59
434,591,1.00
435,591,1.00
435,592,1.00
436,592,1.00
435,593,1.00
436,593,1.00
435,594,1.00
436,594,1.00
435,595,1.00
436,595,1.00
435,596,1.00
436,596,1.00
435,597,1.00
436,597,1.00
435,598,1.00
436,598,1.00
434,599,1.00
435,599,1.00
433,600,1.00
434,600,1.00
435,590,0.36
436,591,1.00
437,592,1.00
437,593,1.00
437,594,1.00
437,595,1.00
437,596,1.00
437,597,1.00
437,598,1.00
436,599,1.00
435,600,1.00
436,590,0.20
437,590,0.06
437,591,0.84
438,591,0.38
438,592,1.00
439,592,1.00
438,593,1.00
439,593,1.00
438,594,1.00
439,594,1.00
438,595,1.00
439,595,1.00
438,596,1.00
439,596,1.00
438,597,1.00
439,597,1.00
438,598,1.00
439,598,1.00
437,599,1.00
438,599,1.00
436,600,1.00
437,600,1.00
440,593,1.00
440,594,1.00
440,595,1.00
440,596,1.00
440,597,1.00
440,598,1.00
439,599,1.00
440,599,1.00
438,600,1.00
439,600,1.00
432,601,0.06
433,601,0.64
434,601,1.00
435,601,1.00
436,601,1.00
437,601,1.00
438,601,1.00
439,591,0.06
440,592,0.38
441,593,0.56
441,594,1.00
441,595,1.00
441,596,1.00
441,597,1.00
441,598,1.00
441,599,1.00
440,600,1.00
439,601,1.00
442,594,0.50
442,595,1.00
442,596,1.00
442,597,1.00
442,598,1.00
442,599,1.00
441,600,1.00
442,600,1.00
440,601,1.00
441,601,1.00
434,602,0.71
435,602,1.00
436,602,1.00
437,602,1.00
438,602,1.00
439,602,1.00
440,602,1.00
441,592,0.06
442,593,0.11
443,594,0.06
443,595,0.26
443,596,0.73
443,597,1.00
443,598,1.00
443,599,1.00
443,600,1.00
442,601,1.00
441,602,1.00
443,601,1.00
442,602,1.00
435,603,1.00
436,603,1.00
437,603,1.00
438,603,1.00
439,603,1.00
440,603,1.00
441,603,1.00
433,602,0.06
443,602,1.00
434,603,0.17
442,603,1.00
435,604,0.64
436,604,1.00
437,604,1.00
438,604,1.00
439,604,1.00
440,604,1.00
441,604,1.00
444,597,0.17
444,598,0.77
444,599,1.00
444,600,1.00
444,601,1.00
444,602,1.00
443,603,1.00
444,603,1.00
442,604,1.00
443,604,1.00
436,605,1.00
437,605,1.00
438,605,1.00
439,605,1.00
440,605,1.00
441,605,1.00
442,605,1.00
445,598,0.06
445,599,0.32
445,600,0.82
445,601,1.00
445,602,1.00
445,603,1.00
444,604,1.00
445,604,1.00
443,605,1.00
444,605,1.00
437,606,1.00
438,606,1.00
439,606,1.00
440,606,1.00
441,606,1.00
442,606,1.00
443,606,1.00
435,605,0.11
445,605,1.00
436,606,0.79
444,606,1.00
437,607,1.00
438,607,1.00
439,607,1.00
440,607,1.00
441,607,1.00
442,607,1.00
443,607,1.00
446,601,0.06
446,602,0.20
446,603,0.30
446,604,0.39
446,605,0.51
445,606,1.00
446,606,0.56
436,607,0.59
444,607,1.00
445,607,1.00
446,607,0.71
437,608,1.00
438,608,1.00
439,608,1.00
440,608,1.00
441,608,1.00
442,608,1.00
443,608,1.00
444,608,1.00
445,608,1.00
438,609,1.00
439,609,1.00
440,609,1.00
441,609,1.00
442,609,1.00
443,609,1.00
444,609,1.00
436,608,0.60
446,608,0.93
436,609,0.54
437,609,1.00
445,609,1.00
446,609,1.00
436,610,0.36
437,610,1.00
438,610,1.00
439,610,1.00
440,610,1.00
441,610,1.00
442,610,1.00
443,610,1.00
444,610,1.00
445,610,1.00
446,610,1.00
437,611,1.00
438,611,1.00
439,611,1.00
440,611,1.00
441,611,1.00
442,611,1.00
443,611,1.00
444,611,1.00
445,611,1.00
438,612,1.00
439,612,1.00
440,612,1.00
441,612,1.00
442,612,1.00
443,612,1.00
444,612,1.00
436,611,0.20
446,611,1.00
436,612,0.06
437,612,0.84
445,612,1.00
446,612,1.00
437,613,0.68
438,613,1.00
439,613,1.00
440,613,1.00
441,613,1.00
442,613,1.00
443,613,1.00
444,613,1.00
445,613,1.00
438,614,1.00
439,614,1.00
440,614,1.00
441,614,1.00
442,614,1.00
443,614,1.00
444,614,1.00
447,608,0.06
447,609,0.20
447,610,0.30
447,611,0.39
447,612,0.51
446,613,1.00
447,613,0.56
437,614,0.59
445,614,1.00
446,614,1.00
447,614,0.59
438,615,1.00
439,615,1.00
440,615,1.00
441,615,1.00
442,615,1.00
443,615,1.00
444,615,1.00
445,615,1.00
446,615,1.00
439,616,1.00
440,616,1.00
441,616,1.00
442,616,1.00
443,616,1.00
444,616,1.00
445,616,1.00
437,615,0.60
447,615,0.60
437,616,0.54
438,616,1.00
446,616,1.00
447,616,0.54
437,617,0.41
438,617,1.00
439,617,1.00
440,617,1.00
441,617,1.00
442,617,1.00
443,617,1.00
444,617,1.00
445,617,1.00
446,617,1.00
447,617,0.41
438,618,1.00
439,618,1.00
440,618,1.00
441,618,1.00
442,618,1.00
443,618,1.00
444,618,1.00
445,618,1.00
446,618,1.00
439,619,1.00
440,619,1.00
441,619,1.00
442,619,1.00
443,619,1.00
444,619,1.00
445,619,1.00
437,618,0.41
447,618,0.41
437,619,0.36
438,619,1.00
446,619,1.00
447,619,0.36
438,620,1.00
439,620,1.00
440,620,1.00
441,620,1.00
442,620,1.00
443,620,1.00
444,620,1.00
445,620,1.00
446,620,1.00
439,621,1.00
440,621,1.00
441,621,1.00
442,621,1.00
443,621,1.00
444,621,1.00
445,621,1.00
437,620,0.39
447,620,0.39
437,621,0.51
438,621,1.00
446,621,1.00
447,621,0.51
437,622,0.51
438,622,1.00
439,622,1.00
440,622,1.00
441,622,1.00
442,622,1.00
443,622,1.00
444,622,1.00
445,622,1.00
446,622,1.00
447,622,0.51
437,623,0.50
438,623,1.00
439,623,1.00
440,623,1.00
441,623,1.00
442,623,1.00
443,623,1.00
444,623,1.00
445,623,1.00
446,623,1.00
447,623,0.39
438,624,1.00
439,624,1.00
440,624,1.00
441,624,1.00
442,624,1.00
443,624,1.00
444,624,1.00
445,624,1.00
446,624,0.80
439,625,1.00
440,625,1.00
441,625,1.00
442,625,1.00
443,625,1.00
444,625,1.00
445,625,1.00
437,624,0.63
447,624,0.30
437,625,0.71
438,625,1.00
446,625,0.71
447,625,0.20
437,626,0.80
438,626,1.00
439,626,1.00
440,626,1.00
441,626,1.00
442,626,1.00
443,626,1.00
444,626,1.00
445,626,1.00
446,626,0.63
447,626,0.06
438,627,1.00
439,627,1.00
440,627,1.00
441,627,1.00
442,627,1.00
443,627,1.00
444,627,1.00
445,627,1.00
446,627,0.50
439,628,1.00
440,628,1.00
441,628,1.00
442,628,1.00
443,628,1.00
444,628,1.00
445,628,1.00
436,624,0.06
436,625,0.20
436,626,0.30
436,627,0.39
437,627,1.00
436,628,0.51
437,628,1.00
438,628,1.00
446,628,0.51
436,629,0.62
437,629,1.00
438,629,1.00
439,629,1.00
440,629,1.00
441,629,1.00
442,629,1.00
443,629,1.00
444,629,1.00
445,629,1.00
446,629,0.51
436,630,0.78
437,630,1.00
438,630,1.00
439,630,1.00
440,630,1.00
441,630,1.00
442,630,1.00
443,630,1.00
444,630,1.00
445,630,1.00
446,630,0.39
437,631,1.00
438,631,1.00
439,631,1.00
440,631,1.00
441,631,1.00
442,631,1.00
443,631,1.00
444,631,1.00
445,631,0.94
438,632,1.00
439,632,1.00
440,632,1.00
441,632,1.00
442,632,1.00
443,632,1.00
444,632,1.00
436,631,1.00
446,631,0.30
436,632,1.00
437,632,1.00
445,632,0.81
446,632,0.20
436,633,1.00
437,633,1.00
438,633,1.00
439,633,1.00
440,633,1.00
441,633,1.00
442,633,1.00
443,633,1.00
444,633,1.00
445,633,0.67
446,633,0.06
437,634,1.00
438,634,1.00
439,634,1.00
440,634,1.00
441,634,1.00
442,634,1.00
443,634,1.00
444,634,1.00
445,634,0.41
438,635,1.00
439,635,1.00
440,635,1.00
441,635,1.00
442,635,1.00
443,635,1.00
444,635,1.00
435,630,0.06
435,631,0.32
435,632,0.63
435,633,1.00
435,634,1.00
436,634,1.00
435,635,1.00
436,635,1.00
437,635,1.00
445,635,0.20
435,636,1.00
436,636,1.00
437,636,1.00
438,636,1.00
439,636,1.00
440,636,1.00
441,636,1.00
442,636,1.00
443,636,1.00
444,636,0.93
445,636,0.06
436,637,1.00
437,637,1.00
438,637,1.00
439,637,1.00
440,637,1.00
441,637,1.00
442,637,1.00
443,637,1.00
444,637,0.65
437,638,1.00
438,638,1.00
439,638,1.00
440,638,1.00
441,638,1.00
442,638,1.00
443,638,1.00
434,632,0.06
434,633,0.20
434,634,0.47
434,635,0.87
434,636,1.00
434,637,1.00
435,637,1.00
434,638,1.00
435,638,1.00
436,638,1.00
444,638,0.36
435,639,1.00
436,639,1.00
437,639,1.00
438,639,1.00
439,639,1.00
440,639,1.00
441,639,1.00
442,639,1.00
443,639,1.00
436,640,1.00
437,640,1.00
438,640,1.00
439,640,1.00
440,640,1.00
441,640,1.00
442,640,1.00
434,639,1.00
444,639,0.20
434,640,1.00
435,640,1.00
443,640,1.00
444,640,0.06
435,641,1.00
436,641,1.00
437,641,1.00
438,641,1.00
439,641,1.00
440,641,1.00
441,641,1.00
442,641,1.00
443,641,1.00
436,642,1.00
437,642,1.00
438,642,1.00
439,642,1.00
440,642,1.00
441,642,1.00
442,642,1.00
433,635,0.06
433,636,0.20
433,637,0.41
433,638,0.74
433,639,1.00
433,640,1.00
433,641,1.00
434,641,1.00
434,642,1.00
435,642,1.00
435,643,1.00
436,643,1.00
437,643,1.00
438,643,1.00
439,643,1.00
440,643,1.00
441,643,1.00
433,642,1.00
443,642,0.74
433,643,1.00
434,643,1.00
442,643,1.00
443,643,0.41
434,644,1.00
435,644,1.00
436,644,1.00
437,644,1.00
438,644,1.00
439,644,1.00
440,644,1.00
441,644,1.00
442,644,1.00
435,645,1.00
436,645,1.00
437,645,1.00
438,645,1.00
439,645,1.00
440,645,1.00
441,645,1.00
433,644,1.00
443,644,0.20
433,645,1.00
434,645,1.00
442,645,0.87
443,645,0.06
434,646,1.00
435,646,1.00
436,646,1.00
437,646,1.00
438,646,1.00
439,646,1.00
440,646,1.00
441,646,1.00
442,646,0.47
435,647,1.00
436,647,1.00
437,647,1.00
438,647,1.00
439,647,1.00
440,647,1.00
441,647,1.00
432,640,0.06
432,641,0.20
432,642,0.47
432,643,0.99
432,644,1.00
432,645,1.00
432,646,1.00
433,646,1.00
433,647,1.00
434,647,1.00
434,648,1.00
435,648,1.00
436,648,1.00
437,648,1.00
438,648,1.00
439,648,1.00
440,648,1.00
432,647,1.00
442,647,0.20
432,648,1.00
433,648,1.00
441,648,0.84
442,648,0.06
433,649,1.00
434,649,1.00
435,649,1.00
436,649,1.00
437,649,1.00
438,649,1.00
439,649,1.00
440,649,1.00
441,649,0.38
434,650,1.00
435,650,1.00
436,650,1.00
437,650,1.00
438,650,1.00
439,650,1.00
440,650,0.80
431,643,0.06
431,644,0.26
431,645,0.62
431,646,1.00
431,647,1.00
431,648,1.00
431,649,1.00
432,649,1.00
432,650,1.00
433,650,1.00
433,651,1.00
434,651,1.00
435,651,1.00
436,651,1.00
437,651,1.00
438,651,1.00
439,651,1.00
431,650,1.00
441,650,0.06
432,651,1.00
440,651,0.32
433,652,1.00
434,652,1.00
435,652,1.00
436,652,1.00
437,652,1.00
438,652,1.00
439,652,1.00
430,646,0.06
430,647,0.32
430,648,0.75
430,649,1.00
430,650,1.00
430,651,1.00
431,651,1.00
430,652,1.00
431,652,1.00
432,652,1.00
440,652,0.06
431,653,1.00
432,653,1.00
433,653,1.00
434,653,1.00
435,653,1.00
436,653,1.00
437,653,1.00
438,653,1.00
439,653,0.62
432,654,1.00
433,654,1.00
434,654,1.00
435,654,1.00
436,654,1.00
437,654,1.00
438,654,1.00
429,648,0.06
429,649,0.26
429,650,0.62
429,651,1.00
429,652,1.00
429,653,1.00
430,653,1.00
429,654,1.00
430,654,1.00
431,654,1.00
439,654,0.26
430,655,1.00
431,655,1.00
432,655,1.00
433,655,1.00
434,655,1.00
435,655,1.00
436,655,1.00
437,655,1.00
438,655,0.75
431,656,1.00
432,656,1.00
433,656,1.00
434,656,1.00
435,656,1.00
436,656,1.00
437,656,1.00
429,655,1.00
439,655,0.06
430,656,1.00
438,656,0.38
431,657,1.00
432,657,1.00
433,657,1.00
434,657,1.00
435,657,1.00
436,657,1.00
437,657,1.00
428,651,0.06
428,652,0.32
428,653,0.75
428,654,1.00
428,655,1.00
428,656,1.00
429,656,1.00
428,657,1.00
429,657,1.00
430,657,1.00
438,657,0.72
429,658,1.00
430,658,1.00
431,658,1.00
432,658,1.00
433,658,1.00
434,658,1.00
435,658,1.00
436,658,1.00
437,658,1.00
430,659,1.00
431,659,1.00
432,659,1.00
433,659,1.00
434,659,1.00
435,659,1.00
436,659,1.00
427,653,0.06
427,654,0.26
427,655,0.62
427,656,1.00
427,657,1.00
427,658,1.00
428,658,1.00
427,659,1.00
428,659,1.00
429,659,1.00
437,659,1.00
428,660,1.00
429,660,1.00
430,660,1.00
431,660,1.00
432,660,1.00
433,660,1.00
434,660,1.00
435,660,1.00
436,660,1.00
429,661,1.00
430,661,1.00
431,661,1.00
432,661,1.00
433,661,1.00
434,661,1.00
435,661,1.00
427,660,1.00
437,660,1.00
428,661,1.00
436,661,1.00
429,662,1.00
430,662,1.00
431,662,1.00
432,662,1.00
433,662,1.00
434,662,1.00
435,662,1.00
427,661,1.00
437,661,1.00
428,662,1.00
436,662,1.00
429,663,1.00
430,663,1.00
431,663,1.00
432,663,1.00
433,663,1.00
434,663,1.00
435,663,1.00
427,662,1.00
437,662,1.00
428,663,1.00
436,663,1.00
429,664,1.00
430,664,1.00
431,664,1.00
432,664,1.00
433,664,1.00
434,664,1.00
435,664,1.00
427,663,1.00
437,663,1.00
428,664,1.00
436,664,1.00
429,665,1.00
430,665,1.00
431,665,1.00
432,665,1.00
433,665,1.00
434,665,1.00
435,665,1.00
427,664,1.00
437,664,1.00
428,665,1.00
436,665,1.00
429,666,1.00
430,666,1.00
431,666,1.00
432,666,1.00
433,666,1.00
434,666,1.00
435,666,1.00
426,659,0.06
426,660,0.26
426,661,1.00
426,662,1.00
426,663,1.00
426,664,1.00
426,665,1.00
427,665,1.00
427,666,1.00
428,666,1.00
428,667,1.00
429,667,1.00
430,667,1.00
431,667,1.00
432,667,1.00
433,667,1.00
434,667,1.00
426,666,1.00
436,666,1.00
427,667,1.00
435,667,1.00
428,668,1.00
429,668,1.00
430,668,1.00
431,668,1.00
432,668,1.00
433,668,1.00
434,668,1.00
426,667,1.00
436,667,1.00
427,668,1.00
435,668,1.00
428,669,1.00
429,669,1.00
430,669,1.00
431,669,1.00
432,669,1.00
433,669,1.00
434,669,1.00
425,662,0.28
425,663,1.00
425,664,1.00
425,665,1.00
425,666,1.00
425,667,1.00
425,668,0.49
426,668,1.00
426,669,0.91
427,669,1.00
427,670,0.62
428,670,1.00
429,670,1.00
430,670,1.00
431,670,1.00
432,670,1.00
433,670,1.00
425,669,0.06
435,669,0.80
426,670,0.11
434,670,0.38
427,671,0.06
428,671,0.20
429,671,0.30
430,671,0.33
431,671,0.30
432,671,0.20
433,671,0.06
436,668,0.90
437,665,1.00
437,666,1.00
437,667,1.00
437,668,0.39
436,669,0.32
435,670,0.06
438,660,1.00
438,661,1.00
439,661,1.00
438,662,1.00
439,662,1.00
438,663,1.00
439,663,1.00
438,664,1.00
439,664,1.00
438,665,1.00
439,665,1.00
438,666,1.00
439,666,1.00
438,667,0.67
439,667,0.36
438,668,0.11
437,669,0.06
439,657,1.00
440,657,1.00
441,657,1.00
438,658,1.00
439,658,1.00
440,658,1.00
441,658,1.00
442,658,1.00
438,659,1.00
439,659,1.00
440,659,1.00
441,659,1.00
442,659,1.00
443,659,1.00
439,660,1.00
440,660,1.00
441,660,1.00
442,660,1.00
443,660,1.00
440,661,1.00
441,661,1.00
442,661,1.00
443,661,1.00
440,662,1.00
441,662,1.00
442,662,1.00
443,662,1.00
440,663,1.00
441,663,1.00
442,663,1.00
443,663,1.00
440,664,1.00
441,664,1.00
442,664,1.00
443,664,1.00
440,665,1.00
441,665,1.00
442,665,0.96
443,665,0.57
440,666,0.81
441,666,0.67
442,666,0.41
440,667,0.20
441,667,0.06
439,656,0.26
440,656,0.63
441,656,0.92
442,656,1.00
443,656,1.00
444,656,1.00
442,657,1.00
443,657,1.00
444,657,1.00
445,657,1.00
443,658,1.00
444,658,1.00
445,658,1.00
446,658,1.00
444,659,1.00
445,659,1.00
446,659,1.00
444,660,1.00
445,660,1.00
446,660,1.00
444,661,1.00
445,661,1.00
446,661,1.00
444,662,1.00
445,662,1.00
446,662,1.00
444,663,1.00
445,663,1.00
446,663,0.71
444,664,0.92
445,664,0.63
446,664,0.26
444,665,0.33
445,665,0.11
443,666,0.20
444,666,0.06
441,654,0.06
442,654,0.20
443,654,0.36
444,654,0.67
445,654,0.89
446,654,1.00
447,654,1.00
440,655,0.11
441,655,0.33
442,655,0.51
443,655,0.83
444,655,1.00
445,655,1.00
446,655,1.00
447,655,1.00
448,655,1.00
445,656,1.00
446,656,1.00
447,656,1.00
448,656,1.00
449,656,1.00
446,657,1.00
447,657,1.00
448,657,1.00
449,657,1.00
447,658,1.00
448,658,1.00
449,658,1.00
447,659,1.00
448,659,1.00
449,659,1.00
447,660,1.00
448,660,1.00
449,660,1.00
447,661,1.00
448,661,1.00
449,661,0.83
447,662,0.89
448,662,0.67
449,662,0.36
447,663,0.33
448,663,0.11
447,664,0.06
445,652,0.06
446,652,0.20
447,652,0.36
448,652,0.67
449,652,0.89
450,652,1.00
451,652,1.00
444,653,0.11
445,653,0.33
446,653,0.51
447,653,0.83
448,653,1.00
449,653,1.00
450,653,1.00
451,653,1.00
452,653,1.00
448,654,1.00
449,654,1.00
450,654,1.00
451,654,1.00
452,654,1.00
453,654,1.00
449,655,1.00
450,655,1.00
451,655,1.00
452,655,1.00
453,655,1.00
450,656,1.00
451,656,1.00
452,656,1.00
453,656,1.00
450,657,1.00
451,657,1.00
452,657,1.00
453,657,1.00
450,658,1.00
451,658,1.00
452,658,1.00
453,658,1.00
450,659,1.00
451,659,1.00
452,659,1.00
453,659,0.83
450,660,1.00
451,660,0.89
452,660,0.67
453,660,0.36
450,661,0.51
451,661,0.33
452,661,0.11
450,662,0.20
451,662,0.06
449,650,0.06
450,650,0.26
451,650,0.63
452,650,0.92
453,650,1.00
454,650,1.00
455,650,1.00
448,651,0.11
449,651,0.33
450,651,0.71
451,651,1.00
452,651,1.00
453,651,1.00
454,651,1.00
455,651,1.00
456,651,1.00
452,652,1.00
453,652,1.00
454,652,1.00
455,652,1.00
456,652,1.00
457,652,1.00
453,653,1.00
454,653,1.00
455,653,1.00
456,653,1.00
457,653,1.00
454,654,1.00
455,654,1.00
456,654,1.00
457,654,1.00
454,655,1.00
455,655,1.00
456,655,1.00
457,655,1.00
454,656,1.00
455,656,1.00
456,656,1.00
457,656,1.00
454,657,1.00
455,657,1.00
456,657,1.00
457,657,1.00
454,658,1.00
455,658,0.92
456,658,0.63
457,658,0.26
454,659,0.51
455,659,0.33
456,659,0.11
454,660,0.20
455,660,0.06
452,648,0.06
453,648,0.20
454,648,0.41
455,648,0.67
456,648,1.00
457,648,1.00
458,648,1.00
451,649,0.11
452,649,0.33
453,649,0.57
454,649,0.96
455,649,1.00
456,649,1.00
457,649,1.00
458,649,1.00
459,649,1.00
456,650,1.00
457,650,1.00
458,650,1.00
459,650,1.00
460,650,1.00
457,651,1.00
458,651,1.00
459,651,1.00
460,651,1.00
458,652,1.00
459,652,1.00
460,652,1.00
458,653,1.00
459,653,1.00
460,653,1.00
458,654,1.00
459,654,1.00
460,654,1.00
458,655,1.00
459,655,1.00
460,655,1.00
458,656,1.00
459,656,0.96
460,656,0.57
458,657,0.67
459,657,0.41
458,658,0.06
455,647,0.06
456,647,0.26
457,647,0.63
458,647,1.00
459,647,1.00
460,647,1.00
461,647,1.00
459,648,1.00
460,648,1.00
461,648,1.00
462,648,1.00
460,649,1.00
461,649,1.00
462,649,1.00
463,649,1.00
461,650,1.00
462,650,1.00
463,650,1.00
461,651,1.00
462,651,1.00
463,651,1.00
461,652,1.00
462,652,1.00
463,652,1.00
461,653,1.00
462,653,1.00
463,653,1.00
461,654,1.00
462,654,1.00
463,654,1.00
461,655,0.92
462,655,0.63
463,655,0.26
461,656,0.33
462,656,0.11
460,657,0.20
461,657,0.06
458,645,0.06
459,645,0.38
460,645,0.97
461,645,1.00
462,645,1.00
463,645,1.00
464,645,1.00
457,646,0.11
458,646,0.39
459,646,1.00
460,646,1.00
461,646,1.00
462,646,1.00
463,646,1.00
464,646,1.00
465,646,1.00
462,647,1.00
463,647,1.00
464,647,1.00
465,647,1.00
466,647,1.00
463,648,1.00
464,648,1.00
465,648,1.00
466,648,1.00
464,649,1.00
465,649,1.00
466,649,1.00
464,650,1.00
465,650,1.00
466,650,1.00
464,651,1.00
465,651,1.00
466,651,1.00
464,652,1.00
465,652,1.00
466,652,1.00
464,653,1.00
465,653,1.00
466,653,0.59
464,654,0.63
465,654,0.32
464,655,0.06
460,644,0.17
461,644,0.59
462,644,1.00
463,644,1.00
464,644,1.00
465,644,1.00
466,644,1.00
465,645,1.00
466,645,1.00
467,645,1.00
466,646,1.00
467,646,1.00
468,646,1.00
467,647,1.00
468,647,1.00
467,648,1.00
468,648,1.00
467,649,1.00
468,649,1.00
467,650,1.00
468,650,1.00
467,651,1.00
468,651,1.00
467,652,1.00
468,652,0.98
467,653,0.17
466,654,0.06
461,643,0.06
462,643,0.32
463,643,0.98
464,643,1.00
465,643,1.00
466,643,1.00
467,643,1.00
467,644,1.00
468,644,1.00
468,645,1.00
469,645,1.00
469,646,1.00
469,647,1.00
469,648,1.00
469,649,1.00
469,650,1.00
469,651,1.00
463,642,0.06
464,642,0.55
465,642,1.00
466,642,1.00
467,642,1.00
468,642,1.00
469,642,1.00
468,643,1.00
469,643,1.00
470,643,1.00
469,644,1.00
470,644,1.00
471,644,1.00
470,645,1.00
471,645,1.00
470,646,1.00
471,646,1.00
470,647,1.00
471,647,1.00
470,648,1.00
471,648,1.00
470,649,1.00
471,649,1.00
470,650,1.00
471,650,1.00
470,651,1.00
469,652,0.47
470,642,1.00
471,643,1.00
472,644,1.00
472,645,1.00
472,646,1.00
472,647,1.00
472,648,1.00
472,649,1.00
472,650,1.00
471,651,0.96
470,652,0.11
465,641,0.11
466,641,0.69
467,641,1.00
468,641,1.00
469,641,1.00
470,641,1.00
471,641,1.00
471,642,1.00
472,642,1.00
472,643,1.00
473,643,1.00
473,644,1.00
473,645,1.00
473,646,1.00
473,647,1.00
473,648,1.00
473,649,1.00
472,641,1.00
473,642,1.00
474,643,1.00
474,644,1.00
474,645,1.00
474,646,1.00
474,647,1.00
474,648,1.00
474,649,1.00
473,650,0.70
472,651,0.17
467,640,0.06
468,640,0.20
469,640,0.47
470,640,1.00
471,640,1.00
472,640,1.00
473,640,1.00
473,641,1.00
474,641,1.00
474,642,1.00
475,642,1.00
475,643,1.00
475,644,1.00
475,645,1.00
475,646,1.00
475,647,1.00
475,648,1.00
474,640,1.00
475,640,1.00
475,641,1.00
476,641,1.00
476,642,1.00
477,642,1.00
476,643,1.00
477,643,1.00
476,644,1.00
477,644,1.00
476,645,1.00
477,645,1.00
476,646,1.00
477,646,1.00
476,647,1.00
477,647,1.00
476,648,1.00
477,648,1.00
475,649,1.00
476,649,0.88
474,650,0.20
475,650,0.06
470,639,0.06
471,639,0.55
472,639,1.00
473,639,1.00
474,639,1.00
475,639,1.00
476,639,1.00
476,640,1.00
477,640,1.00
477,641,1.00
478,641,1.00
478,642,1.00
478,643,1.00
478,644,1.00
478,645,1.00
478,646,1.00
478,647,1.00
477,639,1.00
478,640,1.00
479,641,1.00
479,642,1.00
479,643,1.00
479,644,1.00
479,645,1.00
479,646,1.00
479,647,1.00
478,648,1.00
477,649,0.32
478,639,1.00
479,640,1.00
480,641,1.00
480,642,1.00
480,643,1.00
480,644,1.00
480,645,1.00
480,646,0.98
480,647,0.29
479,648,0.23
478,649,0.06
472,638,0.11
473,638,0.52
474,638,1.00
475,638,1.00
476,638,1.00
477,638,1.00
478,638,0.52
479,639,0.90
480,640,0.78
479,638,0.11
480,639,0.23
481,640,0.11
481,641,0.41
481,642,0.60
481,643,0.67
481,644,0.60
481,645,0.41
481,646,0.11

513,542,0.95
514,542,1.00
515,542,1.00
516,542,1.00
517,542,0.86
518,542,0.47
519,542,0.11
512,543,1.00
513,543,1.00
514,543,1.00
515,543,1.00
516,543,1.00
517,543,1.00
518,543,1.00
519,543,0.78
520,543,0.23
511,544,1.00
512,544,1.00
513,544,1.00
514,544,1.00
515,544,1.00
516,544,1.00
517,544,1.00
518,544,1.00
519,544,1.00
520,544,0.72
521,544,0.11
511,545,1.00
512,545,1.00
513,545,1.00
514,545,1.00
515,545,1.00
516,545,1.00
517,545,1.00
518,545,1.00
519,545,1.00
520,545,1.00
521,545,0.41
511,546,1.00
512,546,1.00
513,546,1.00
514,546,1.00
515,546,1.00
516,546,1.00
517,546,1.00
518,546,1.00
519,546,1.00
520,546,1.00
521,546,0.60
511,547,1.00
512,547,1.00
513,547,1.00
514,547,1.00
515,547,1.00
516,547,1.00
517,547,1.00
518,547,1.00
519,547,1.00
520,547,1.00
521,547,0.67
511,548,1.00
512,548,1.00
513,548,1.00
514,548,1.00
515,548,1.00
516,548,1.00
517,548,1.00
518,548,1.00
519,548,1.00
520,548,1.00
521,548,0.60
511,549,1.00
512,549,1.00
513,549,1.00
514,549,1.00
515,549,1.00
516,549,1.00
517,549,1.00
518,549,1.00
519,549,1.00
520,549,1.00
521,549,0.41
511,550,1.00
512,550,1.00
513,550,1.00
514,550,1.00
515,550,1.00
516,550,1.00
517,550,1.00
518,550,1.00
519,550,1.00
520,550,0.72
521,550,0.11
512,551,1.00
513,551,1.00
514,551,1.00
515,551,1.00
516,551,1.00
517,551,1.00
518,551,1.00
519,551,0.78
520,551,0.23
513,552,1.00
514,552,1.00
515,552,1.00
516,552,1.00
517,552,0.98
518,552,0.47
519,552,0.11
512,542,0.56
511,543,1.00
510,544,1.00
510,545,1.00
510,546,1.00
510,547,1.00
510,548,1.00
510,549,1.00
510,550,1.00
511,551,1.00
512,552,1.00
511,542,0.26
510,543,0.50
509,544,0.71
509,545,1.00
509,546,1.00
509,547,1.00
509,548,1.00
509,549,1.00
509,550,1.00
510,551,1.00
511,552,1.00
510,542,0.06
509,543,0.11
508,544,0.11
508,545,0.89
508,546,1.00
508,547,1.00
508,548,1.00
508,549,1.00
508,550,1.00
509,551,1.00
510,552,1.00
508,551,1.00
509,552,1.00
510,553,1.00
511,553,1.00
512,553,1.00
513,553,1.00
514,553,0.69
515,553,0.32
516,553,0.06
507,545,0.32
506,546,0.39
507,546,0.84
506,547,1.00
507,547,1.00
506,548,1.00
507,548,1.00
506,549,1.00
507,549,1.00
506,550,1.00
507,550,1.00
506,551,1.00
507,551,1.00
506,552,1.00
507,552,1.00
508,552,1.00
507,553,1.00
508,553,1.00
509,553,1.00
508,554,1.00
509,554,1.00
510,554,1.00
511,554,1.00
512,554,0.84
513,554,0.32
514,554,0.06
506,545,0.06
505,546,0.11
504,547,0.11
505,547,0.54
504,548,0.84
505,548,1.00
504,549,1.00
505,549,1.00
504,550,1.00
505,550,1.00
504,551,1.00
505,551,1.00
504,552,1.00
505,552,1.00
504,553,1.00
505,553,1.00
506,553,1.00
505,554,1.00
506,554,1.00
507,554,1.00
506,555,1.00
507,555,1.00
508,555,1.00
509,555,1.00
510,555,1.00
511,555,0.54
512,555,0.11
503,548,0.32
502,549,0.39
503,549,0.84
502,550,1.00
503,550,1.00
502,551,1.00
503,551,1.00
502,552,1.00
503,552,1.00
502,553,1.00
503,553,1.00
502,554,1.00
503,554,1.00
504,554,1.00
502,555,1.00
503,555,1.00
504,555,1.00
505,555,1.00
503,556,1.00
504,556,1.00
505,556,1.00
506,556,1.00
507,556,1.00
508,556,1.00
509,556,0.84
510,556,0.39
511,556,0.11
504,557,1.00
505,557,1.00
506,557,1.00
507,557,0.84
508,557,0.63
509,557,0.32
510,557,0.06
502,548,0.06
501,549,0.11
500,550,0.36
501,550,0.67
500,551,0.83
501,551,1.00
500,552,1.00
501,552,1.00
500,553,1.00
501,553,1.00
500,554,1.00
501,554,1.00
500,555,1.00
501,555,1.00
500,556,1.00
501,556,1.00
502,556,1.00
501,557,1.00
502,557,1.00
503,557,1.00
502,558,1.00
503,558,1.00
504,558,0.89
505,558,0.67
506,558,0.36
507,558,0.20
508,558,0.06
498,550,0.06
499,550,0.20
497,551,0.11
498,551,0.33
499,551,0.51
496,552,0.26
497,552,0.63
498,552,0.92
499,552,1.00
496,553,0.71
497,553,1.00
498,553,1.00
499,553,1.00
496,554,1.00
497,554,1.00
498,554,1.00
499,554,1.00
496,555,1.00
497,555,1.00
498,555,1.00
499,555,1.00
496,556,1.00
497,556,1.00
498,556,1.00
499,556,1.00
496,557,1.00
497,557,1.00
498,557,1.00
499,557,1.00
500,557,1.00
496,558,1.00
497,558,1.00
498,558,1.00
499,558,1.00
500,558,1.00
501,558,1.00
497,559,1.00
498,559,1.00
499,559,1.00
500,559,1.00
501,559,1.00
502,559,1.00
503,559,0.71
504,559,0.33
505,559,0.11
498,560,1.00
499,560,1.00
500,560,1.00
501,560,0.92
502,560,0.63
503,560,0.26
504,560,0.06
495,552,0.06
494,553,0.11
495,553,0.33
493,554,0.36
494,554,0.67
495,554,0.89
493,555,1.00
494,555,1.00
495,555,1.00
493,556,1.00
494,556,1.00
495,556,1.00
493,557,1.00
494,557,1.00
495,557,1.00
493,558,1.00
494,558,1.00
495,558,1.00
493,559,1.00
494,559,1.00
495,559,1.00
496,559,1.00
493,560,1.00
494,560,1.00
495,560,1.00
496,560,1.00
497,560,1.00
494,561,1.00
495,561,1.00
496,561,1.00
497,561,1.00
498,561,1.00
499,561,0.83
500,561,0.51
501,561,0.33
502,561,0.11
495,562,1.00
496,562,1.00
497,562,1.00
498,562,0.67
499,562,0.36
500,562,0.20
501,562,0.06
491,554,0.06
492,554,0.20
490,555,0.32
491,555,0.63
492,555,0.84
489,556,0.39
490,556,0.84
491,556,1.00
492,556,1.00
489,557,1.00
490,557,1.00
491,557,1.00
492,557,1.00
489,558,1.00
490,558,1.00
491,558,1.00
492,558,1.00
489,559,1.00
490,559,1.00
491,559,1.00
492,559,1.00
489,560,1.00
490,560,1.00
491,560,1.00
492,560,1.00
489,561,1.00
490,561,1.00
491,561,1.00
492,561,1.00
493,561,1.00
489,562,1.00
490,562,1.00
491,562,1.00
492,562,1.00
493,562,1.00
494,562,1.00
490,563,1.00
491,563,1.00
492,563,1.00
493,563,1.00
494,563,1.00
495,563,1.00
496,563,0.84
497,563,0.39
498,563,0.11
491,564,1.00
492,564,1.00
493,564,1.00
494,564,1.00
495,564,0.63
496,564,0.32
497,564,0.06
489,555,0.06
488,556,0.11
487,557,0.26
488,557,0.63
487,558,1.00
488,558,1.00
487,559,1.00
488,559,1.00
487,560,1.00
488,560,1.00
487,561,1.00
488,561,1.00
487,562,1.00
488,562,1.00
487,563,1.00
488,563,1.00
489,563,1.00
488,564,1.00
489,564,1.00
490,564,1.00
489,565,1.00
490,565,1.00
491,565,1.00
492,565,1.00
493,565,0.84
494,565,0.26
495,565,0.06
486,557,0.06
485,558,0.47
486,558,0.87
484,559,0.98
485,559,1.00
486,559,1.00
484,560,1.00
485,560,1.00
486,560,1.00
484,561,1.00
485,561,1.00
486,561,1.00
484,562,1.00
485,562,1.00
486,562,1.00
484,563,1.00
485,563,1.00
486,563,1.00
484,564,1.00
485,564,1.00
486,564,1.00
487,564,1.00
484,565,1.00
485,565,1.00
486,565,1.00
487,565,1.00
488,565,1.00
485,566,1.00
486,566,1.00
487,566,1.00
488,566,1.00
489,566,1.00
490,566,1.00
491,566,1.00
492,566,0.67
493,566,0.17
486,567,1.00
487,567,1.00
488,567,1.00
489,567,1.00
490,567,1.00
491,567,0.54
492,567,0.17
483,560,1.00
483,561,1.00
483,562,1.00
483,563,1.00
483,564,1.00
483,565,1.00
483,566,1.00
484,566,1.00
484,567,1.00
485,567,1.00
485,568,1.00
486,568,1.00
487,568,1.00
488,568,1.00
489,568,1.00
490,568,0.54
491,568,0.11
483,558,0.06
484,558,0.20
482,559,0.17
483,559,0.54
481,560,0.73
482,560,1.00
481,561,1.00
482,561,1.00
481,562,1.00
482,562,1.00
481,563,1.00
482,563,1.00
481,564,1.00
482,564,1.00
481,565,1.00
482,565,1.00
481,566,1.00
482,566,1.00
482,567,1.00
483,567,1.00
483,568,1.00
484,568,1.00
480,561,1.00
480,562,1.00
480,563,1.00
480,564,1.00
480,565,1.00
480,566,1.00
480,567,1.00
481,567,1.00
481,568,1.00
482,568,1.00
482,569,1.00
483,569,1.00
484,569,1.00
485,569,1.00
486,569,1.00
487,569,1.00
488,569,1.00
479,562,1.00
479,563,1.00
479,564,1.00
479,565,1.00
479,566,1.00
479,567,1.00
479,568,1.00
480,568,1.00
480,569,1.00
481,569,1.00
481,570,1.00
482,570,1.00
483,570,1.00
484,570,1.00
485,570,1.00
486,570,1.00
487,570,1.00
480,560,0.26
479,561,0.73
478,562,0.96
478,563,1.00
478,564,1.00
478,565,1.00
478,566,1.00
478,567,1.00
478,568,1.00
479,569,1.00
480,570,1.00
479,560,0.06
478,561,0.11
477,562,0.06
477,563,0.49
477,564,1.00
477,565,1.00
477,566,1.00
477,567,1.00
477,568,1.00
478,569,1.00
479,570,1.00
477,569,1.00
478,570,1.00
479,571,1.00
480,571,1.00
481,571,1.00
482,571,1.00
483,571,1.00
484,571,1.00
485,571,1.00
477,570,0.23
478,571,0.51
486,571,1.00
479,572,0.40
480,572,1.00
481,572,1.00
482,572,1.00
483,572,1.00
484,572,1.00
485,572,1.00
488,570,1.00
487,571,1.00
488,571,1.00
486,572,1.00
487,572,1.00
480,573,0.17
481,573,0.74
482,573,1.00
483,573,1.00
484,573,1.00
485,573,1.00
486,573,1.00
489,569,1.00
489,570,1.00
489,571,1.00
488,572,1.00
489,572,1.00
487,573,1.00
488,573,1.00
481,574,0.11
482,574,0.54
483,574,1.00
484,574,1.00
485,574,1.00
486,574,1.00
487,574,1.00
490,569,0.51
491,569,0.20
490,570,0.83
491,570,0.36
490,571,1.00
491,571,0.67
490,572,1.00
491,572,0.94
489,573,1.00
490,573,1.00
491,573,1.00
488,574,1.00
489,574,1.00
490,574,1.00
491,574,1.00
482,575,0.11
483,575,0.87
484,575,1.00
485,575,1.00
486,575,1.00
487,575,1.00
488,575,1.00
489,575,1.00
490,575,1.00
483,576,0.66
484,576,1.00
485,576,1.00
486,576,1.00
487,576,1.00
488,576,1.00
489,576,1.00
492,571,0.11
492,572,0.33
493,572,0.06
492,573,0.62
493,573,0.20
492,574,1.00
493,574,0.41
491,575,1.00
492,575,1.00
493,575,0.87
490,576,1.00
491,576,1.00
492,576,1.00
493,576,1.00
483,577,0.54
484,577,1.00
485,577,1.00
486,577,1.00
487,577,1.00
488,577,1.00
489,577,1.00
490,577,1.00
491,577,1.00
492,577,1.00
493,577,1.00
483,578,0.36
484,578,0.96
485,578,1.00
486,578,1.00
487,578,1.00
488,578,1.00
489,578,1.00
490,578,1.00
491,578,1.00
492,578,1.00
493,578,1.00
484,579,0.62
485,579,1.00
486,579,1.00
487,579,1.00
488,579,1.00
489,579,1.00
490,579,1.00
491,579,1.00
492,579,1.00
485,580,0.94
486,580,1.00
487,580,1.00
488,580,1.00
489,580,1.00
490,580,1.00
491,580,1.00
483,579,0.20
493,579,1.00
483,580,0.06
484,580,0.33
492,580,1.00
493,580,1.00
484,581,0.11
485,581,0.54
486,581,1.00
487,581,1.00
488,581,1.00
489,581,1.00
490,581,1.00
491,581,1.00
492,581,1.00
485,582,0.11
486,582,0.84
487,582,1.00
488,582,1.00
489,582,1.00
490,582,1.00
491,582,1.00
494,575,0.11
494,576,0.39
495,576,0.06
494,577,0.84
495,577,0.32
494,578,1.00
495,578,0.69
494,579,1.00
495,579,1.00
494,580,1.00
495,580,1.00
493,581,1.00
494,581,1.00
495,581,1.00
492,582,1.00
493,582,1.00
494,582,1.00
495,582,1.00
486,583,0.32
487,583,1.00
488,583,1.00
489,583,1.00
490,583,1.00
491,583,1.00
492,583,1.00
493,583,1.00
494,583,1.00
487,584,0.69
488,584,1.00
489,584,1.00
490,584,1.00
491,584,1.00
492,584,1.00
493,584,1.00
496,578,0.06
496,579,0.38
496,580,0.97
496,581,1.00
496,582,1.00
495,583,1.00
496,583,1.00
486,584,0.06
494,584,1.00
495,584,1.00
496,584,1.00
487,585,0.32
488,585,1.00
489,585,1.00
490,585,1.00
491,585,1.00
492,585,1.00
493,585,1.00
494,585,1.00
495,585,1.00
488,586,0.59
489,586,1.00
490,586,1.00
491,586,1.00
492,586,1.00
493,586,1.00
494,586,1.00
497,580,0.17
497,581,0.59
497,582,1.00
497,583,1.00
497,584,1.00
496,585,1.00
497,585,1.00
487,586,0.06
495,586,1.00
496,586,1.00
497,586,1.00
488,587,0.17
489,587,1.00
490,587,1.00
491,587,1.00
492,587,1.00
493,587,1.00
494,587,1.00
495,587,1.00
496,587,1.00
489,588,0.68
490,588,1.00
491,588,1.00
492,588,1.00
493,588,1.00
494,588,1.00
495,588,1.00
498,581,0.06
498,582,0.32
498,583,0.63
498,584,0.84
498,585,1.00
498,586,1.00
497,587,1.00
498,587,1.00
496,588,1.00
497,588,1.00
490,589,1.00
491,589,1.00
492,589,1.00
493,589,1.00
494,589,1.00
495,589,1.00
496,589,1.00
499,583,0.06
499,584,0.20
499,585,0.30
499,586,0.56
499,587,1.00
498,588,1.00
499,588,1.00
489,589,0.39
497,589,1.00
498,589,1.00
499,589,1.00
490,590,1.00
491,590,1.00
492,590,1.00
493,590,1.00
494,590,1.00
495,590,1.00
496,590,1.00
497,590,1.00
498,590,1.00
491,591,1.00
492,591,1.00
493,591,1.00
494,591,1.00
495,591,1.00
496,591,1.00
497,591,1.00
489,590,0.30
499,590,1.00
489,591,0.20
490,591,0.81
498,591,1.00
499,591,1.00
489,592,0.06
490,592,0.54
491,592,1.00
492,592,1.00
493,592,1.00
494,592,1.00
495,592,1.00
496,592,1.00
497,592,1.00
498,592,1.00
499,592,1.00
490,593,0.17
491,593,1.00
492,593,1.00
493,593,1.00
494,593,1.00
495,593,1.00
496,593,1.00
497,593,1.00
498,593,1.00
491,594,0.53
492,594,1.00
493,594,1.00
494,594,1.00
495,594,1.00
496,594,1.00
497,594,1.00
500,587,0.17
500,588,0.59
500,589,1.00
500,590,1.00
500,591,1.00
500,592,1.00
499,593,1.00
500,593,1.00
498,594,1.00
499,594,1.00
492,595,1.00
493,595,1.00
494,595,1.00
495,595,1.00
496,595,1.00
497,595,1.00
498,595,1.00
501,588,0.06
501,589,0.32
501,590,0.98
501,591,1.00
501,592,1.00
501,593,1.00
500,594,1.00
501,594,1.00
499,595,1.00
500,595,1.00
493,596,1.00
494,596,1.00
495,596,1.00
496,596,1.00
497,596,1.00
498,596,1.00
499,596,1.00
491,595,0.20
501,595,1.00
491,596,0.06
492,596,0.80
500,596,1.00
501,596,1.00
492,597,0.23
493,597,1.00
494,597,1.00
495,597,1.00
496,597,1.00
497,597,1.00
498,597,1.00
499,597,1.00
500,597,1.00
493,598,0.75
494,598,1.00
495,598,1.00
496,598,1.00
497,598,1.00
498,598,1.00
499,598,1.00
502,590,0.17
502,591,1.00
502,592,1.00
502,593,1.00
502,594,1.00
502,595,1.00
502,596,1.00
501,597,1.00
500,598,1.00
502,597,1.00
501,598,1.00
494,599,1.00
495,599,1.00
496,599,1.00
497,599,1.00
498,599,1.00
499,599,1.00
500,599,1.00
503,592,1.00
503,593,1.00
503,594,1.00
503,595,1.00
503,596,1.00
503,597,1.00
502,598,1.00
503,598,1.00
501,599,1.00
502,599,1.00
495,600,1.00
496,600,1.00
497,600,1.00
498,600,1.00
499,600,1.00
500,600,1.00
501,600,1.00
493,599,0.11
503,599,1.00
494,600,0.34
502,600,1.00
495,601,1.00
496,601,1.00
497,601,1.00
498,601,1.00
499,601,1.00
500,601,1.00
501,601,1.00
504,593,1.00
504,594,1.00
504,595,1.00
504,596,1.00
504,597,1.00
504,598,1.00
504,599,1.00
503,600,1.00
502,601,1.00
504,600,1.00
503,601,1.00
496,602,1.00
497,602,1.00
498,602,1.00
499,602,1.00
500,602,1.00
501,602,1.00
502,602,1.00
505,595,1.00
505,596,1.00
505,597,1.00
505,598,1.00
505,599,1.00
505,600,1.00
504,601,1.00
505,601,1.00
503,602,1.00
504,602,1.00
497,603,1.00
498,603,1.00
499,603,1.00
500,603,1.00
501,603,1.00
502,603,1.00
503,603,1.00
495,602,0.49
505,602,0.60
496,603,0.91
504,603,0.96
497,604,0.62
498,604,1.00
499,604,1.00
500,604,1.00
501,604,1.00
502,604,1.00
503,604,0.62
495,603,0.06
505,603,0.06
496,604,0.11
504,604,0.11
497,605,0.06
498,605,0.20
499,605,0.30
500,605,0.33
501,605,0.30
502,605,0.20
503,605,0.06
505,594,1.00
506,595,1.00
506,596,1.00
506,597,1.00
506,598,1.00
506,599,1.00
506,600,0.62
506,601,0.06
503,591,1.00
504,591,1.00
505,591,1.00
504,592,1.00
505,592,1.00
506,592,1.00
505,593,1.00
506,593,1.00
507,593,1.00
506,594,1.00
507,594,1.00
507,595,1.00
507,596,1.00
507,597,1.00
507,598,1.00
507,599,0.57
503,590,0.54
504,590,0.89
505,590,1.00
506,590,1.00
507,590,1.00
508,590,1.00
506,591,1.00
507,591,1.00
508,591,1.00
509,591,1.00
507,592,1.00
508,592,1.00
509,592,1.00
510,592,1.00
508,593,1.00
509,593,1.00
510,593,1.00
508,594,1.00
509,594,1.00
510,594,1.00
508,595,1.00
509,595,1.00
510,595,1.00
508,596,1.00
509,596,1.00
510,596,1.00
508,597,1.00
509,597,1.00
510,597,0.54
508,598,0.89
509,598,0.54
510,598,0.11
508,599,0.33
509,599,0.11
507,600,0.20
508,600,0.06
504,588,0.06
505,588,0.20
506,588,0.36
507,588,0.67
508,588,1.00
509,588,1.00
510,588,1.00
503,589,0.11
504,589,0.33
505,589,0.51
506,589,0.83
507,589,1.00
508,589,1.00
509,589,1.00
510,589,1.00
511,589,1.00
509,590,1.00
510,590,1.00
511,590,1.00
512,590,1.00
510,591,1.00
511,591,1.00
512,591,1.00
511,592,1.00
512,592,1.00
511,593,1.00
512,593,1.00
511,594,1.00
512,594,1.00
511,595,1.00
512,595,1.00
511,596,0.67
512,596,0.36
511,597,0.11
508,586,0.06
509,586,0.32
510,586,0.63
511,586,0.84
512,586,0.93
513,586,0.93
514,586,1.00
507,587,0.11
508,587,0.39
509,587,0.84
510,587,1.00
511,587,1.00
512,587,1.00
513,587,1.00
514,587,1.00
515,587,1.00
511,588,1.00
512,588,1.00
513,588,1.00
514,588,1.00
515,588,1.00
516,588,1.00
512,589,1.00
513,589,1.00
514,589,1.00
515,589,1.00
516,589,1.00
513,590,1.00
514,590,1.00
515,590,1.00
516,590,1.00
513,591,1.00
514,591,1.00
515,591,1.00
516,591,1.00
513,592,1.00
514,592,1.00
515,592,1.00
516,592,1.00
513,593,1.00
514,593,1.00
515,593,1.00
516,593,1.00
513,594,1.00
514,594,1.00
515,594,0.90
516,594,0.59
513,595,0.84
514,595,0.63
515,595,0.32
513,596,0.20
514,596,0.06
510,585,0.06
511,585,0.20
512,585,0.30
513,585,0.33
514,585,0.41
515,585,0.54
516,585,0.77
515,586,1.00
516,586,1.00
517,586,1.00
516,587,1.00
517,587,1.00
518,587,1.00
517,588,1.00
518,588,1.00
517,589,1.00
518,589,1.00
517,590,1.00
518,590,1.00
517,591,1.00
518,591,1.00
517,592,1.00
518,592,1.00
517,593,0.96
518,593,0.72
517,594,0.41
516,595,0.06
515,584,0.06
516,584,0.26
517,584,0.63
518,584,0.92
519,584,1.00
520,584,1.00
521,584,1.00
517,585,1.00
518,585,1.00
519,585,1.00
520,585,1.00
521,585,1.00
522,585,1.00
518,586,1.00
519,586,1.00
520,586,1.00
521,586,1.00
522,586,1.00
523,586,1.00
519,587,1.00
520,587,1.00
521,587,1.00
522,587,1.00
523,587,1.00
519,588,1.00
520,588,1.00
521,588,1.00
522,588,1.00
523,588,1.00
519,589,1.00
520,589,1.00
521,589,1.00
522,589,1.00
523,589,1.00
519,590,1.00
520,590,1.00
521,590,1.00
522,590,1.00
523,590,1.00
519,591,1.00
520,591,1.00
521,591,1.00
522,591,1.00
523,591,0.92
519,592,1.00
520,592,1.00
521,592,0.92
522,592,0.63
523,592,0.26
519,593,0.63
520,593,0.51
521,593,0.33
522,593,0.11
518,594,0.33
519,594,0.30
520,594,0.20
521,594,0.06
518,582,0.06
519,582,0.20
520,582,0.30
521,582,0.45
522,582,0.63
523,582,0.92
524,582,1.00
517,583,0.11
518,583,0.33
519,583,0.51
520,583,0.68
521,583,1.00
522,583,1.00
523,583,1.00
524,583,1.00
525,583,1.00
522,584,1.00
523,584,1.00
524,584,1.00
525,584,1.00
526,584,1.00
523,585,1.00
524,585,1.00
525,585,1.00
526,585,1.00
524,586,1.00
525,586,1.00
526,586,1.00
524,587,1.00
525,587,1.00
526,587,1.00
524,588,1.00
525,588,1.00
526,588,1.00
524,589,1.00
525,589,1.00
526,589,1.00
524,590,1.00
525,590,1.00
526,590,0.68
524,591,0.63
525,591,0.45
524,592,0.06
522,581,0.06
523,581,0.26
524,581,0.63
525,581,0.92
526,581,1.00
527,581,1.00
528,581,1.00
525,582,1.00
526,582,1.00
527,582,1.00
528,582,1.00
529,582,1.00
526,583,1.00
527,583,1.00
528,583,1.00
529,583,1.00
530,583,1.00
527,584,1.00
528,584,1.00
529,584,1.00
530,584,1.00
527,585,1.00
528,585,1.00
529,585,1.00
530,585,1.00
527,586,1.00
528,586,1.00
529,586,1.00
530,586,1.00
527,587,1.00
528,587,1.00
529,587,1.00
530,587,1.00
527,588,1.00
528,588,1.00
529,588,1.00
530,588,1.00
527,589,1.00
528,589,0.98
529,589,0.84
530,589,0.56
527,590,0.51
528,590,0.33
529,590,0.11
526,591,0.30
527,591,0.20
528,591,0.06
525,579,0.06
526,579,0.20
527,579,0.30
528,579,0.50
529,579,0.84
530,579,1.00
531,579,1.00
524,580,0.11
525,580,0.33
526,580,0.51
527,580,0.80
528,580,1.00
529,580,1.00
530,580,1.00
531,580,1.00
532,580,1.00
529,581,1.00
530,581,1.00
531,581,1.00
532,581,1.00
533,581,1.00
530,582,1.00
531,582,1.00
532,582,1.00
533,582,1.00
531,583,1.00
532,583,1.00
533,583,1.00
531,584,1.00
532,584,1.00
533,584,1.00
531,585,1.00
532,585,1.00
533,585,1.00
531,586,1.00
532,586,1.00
533,586,1.00
531,587,1.00
532,587,1.00
533,587,1.00
531,588,1.00
532,588,1.00
531,589,0.39
532,579,1.00
533,579,1.00
534,579,1.00
533,580,1.00
534,580,1.00
535,580,1.00
534,581,1.00
535,581,1.00
536,581,1.00
534,582,1.00
535,582,1.00
536,582,1.00
534,583,1.00
535,583,1.00
536,583,1.00
534,584,1.00
535,584,1.00
536,584,1.00
534,585,1.00
535,585,1.00
536,585,1.00
534,586,1.00
535,586,1.00
536,586,1.00
534,587,1.00
535,587,1.00
536,587,1.00
533,588,1.00
534,588,0.84
535,588,0.50
532,589,0.30
533,589,0.20
534,589,0.06
529,578,0.06
530,578,0.20
531,578,0.30
532,578,0.39
533,578,0.68
534,578,1.00
535,578,1.00
535,579,1.00
536,579,1.00
536,580,1.00
537,580,1.00
537,581,1.00
537,582,1.00
537,583,1.00
537,584,1.00
537,585,1.00
537,586,1.00
536,578,1.00
537,578,1.00
538,578,1.00
537,579,1.00
538,579,1.00
539,579,1.00
538,580,1.00
539,580,1.00
540,580,1.00
538,581,1.00
539,581,1.00
540,581,1.00
538,582,1.00
539,582,1.00
540,582,1.00
538,583,1.00
539,583,1.00
540,583,1.00
538,584,1.00
539,584,1.00
540,584,1.00
538,585,1.00
539,585,1.00
540,585,1.00
538,586,1.00
539,586,1.00
540,586,1.00
537,587,0.84
538,587,0.63
539,587,0.32
536,588,0.30
537,588,0.20
538,588,0.06
534,577,0.17
535,577,0.54
536,577,0.92
537,577,1.00
538,577,1.00
539,577,1.00
540,577,1.00
539,578,1.00
540,578,1.00
541,578,1.00
540,579,1.00
541,579,1.00
542,579,1.00
541,580,1.00
542,580,1.00
541,581,1.00
542,581,1.00
541,582,1.00
542,582,1.00
541,583,1.00
542,583,1.00
541,584,1.00
542,584,1.00
541,585,1.00
542,585,1.00
541,586,0.88
540,587,0.06
535,576,0.06
536,576,0.20
537,576,0.36
538,576,0.54
539,576,0.66
540,576,0.74
541,576,0.77
541,577,1.00
542,577,1.00
542,578,1.00
543,578,1.00
543,579,1.00
543,580,1.00
543,581,1.00
543,582,1.00
543,583,1.00
543,584,1.00
542,576,0.95
543,576,1.00
543,577,1.00
544,577,1.00
544,578,1.00
545,578,1.00
544,579,1.00
545,579,1.00
544,580,1.00
545,580,1.00
544,581,1.00
545,581,1.00
544,582,1.00
545,582,1.00
544,583,1.00
545,583,1.00
544,584,1.00
545,584,1.00
543,585,1.00
544,585,1.00
542,586,0.95
543,586,1.00
544,576,1.00
545,576,1.00
545,577,1.00
546,577,1.00
546,578,1.00
547,578,1.00
546,579,1.00
547,579,1.00
546,580,1.00
547,580,1.00
546,581,1.00
547,581,1.00
546,582,1.00
547,582,1.00
546,583,1.00
547,583,1.00
546,584,1.00
547,584,1.00
545,585,1.00
546,585,1.00
544,586,1.00
545,586,1.00
546,576,0.95
547,576,0.71
547,577,1.00
548,577,1.00
548,578,1.00
549,578,1.00
548,579,1.00
549,579,1.00
548,580,1.00
549,580,1.00
548,581,1.00
549,581,1.00
548,582,1.00
549,582,1.00
548,583,1.00
549,583,1.00
548,584,1.00
549,584,1.00
547,585,1.00
548,585,1.00
546,586,0.95
547,586,0.71
548,576,0.59
549,576,0.62
549,577,1.00
550,577,1.00
550,578,1.00
551,578,1.00
550,579,1.00
551,579,1.00
550,580,1.00
551,580,1.00
550,581,1.00
551,581,1.00
550,582,1.00
551,582,1.00
550,583,1.00
551,583,1.00
550,584,1.00
551,584,1.00
549,585,1.00
550,585,1.00
548,586,0.59
549,586,0.62
550,576,0.71
551,576,0.69
551,577,1.00
552,577,1.00
552,578,1.00
553,578,1.00
552,579,1.00
553,579,1.00
552,580,1.00
553,580,1.00
552,581,1.00
553,581,1.00
552,582,1.00
553,582,1.00
552,583,1.00
553,583,1.00
552,584,1.00
553,584,1.00
551,585,1.00
552,585,1.00
550,586,0.71
551,586,0.80
552,576,0.63
553,576,0.51
554,576,0.26
553,577,1.00
554,577,1.00
555,577,0.78
554,578,1.00
555,578,1.00
556,578,1.00
554,579,1.00
555,579,1.00
556,579,1.00
554,580,1.00
555,580,1.00
556,580,1.00
554,581,1.00
555,581,1.00
556,581,1.00
554,582,1.00
555,582,1.00
556,582,1.00
554,583,1.00
555,583,1.00
556,583,1.00
554,584,1.00
555,584,1.00
556,584,1.00
553,585,1.00
554,585,1.00
555,585,1.00
552,586,1.00
553,586,1.00
554,586,1.00
555,576,0.06
556,577,0.41
557,578,0.90
557,579,1.00
557,580,1.00
557,581,1.00
557,582,1.00
557,583,1.00
557,584,1.00
556,585,1.00
555,586,1.00
557,577,0.20
558,577,0.06
558,578,0.63
559,578,0.32
558,579,1.00
559,579,1.00
560,579,0.59
558,580,1.00
559,580,1.00
560,580,1.00
558,581,1.00
559,581,1.00
560,581,1.00
558,582,1.00
559,582,1.00
560,582,1.00
558,583,1.00
559,583,1.00
560,583,1.00
558,584,1.00
559,584,1.00
560,584,1.00
557,585,1.00
558,585,1.00
559,585,1.00
560,585,1.00
556,586,1.00
557,586,1.00
558,586,1.00
559,586,1.00
552,587,0.06
553,587,0.38
554,587,0.97
555,587,1.00
556,587,1.00
557,587,1.00
558,587,1.00
560,578,0.06
561,579,0.17
561,580,0.97
562,580,0.38
561,581,1.00
562,581,1.00
561,582,1.00
562,582,1.00
561,583,1.00
562,583,1.00
561,584,1.00
562,584,1.00
561,585,1.00
562,585,1.00
560,586,1.00
561,586,1.00
562,586,1.00
559,587,1.00
560,587,1.00
561,587,1.00
554,588,0.17
555,588,0.59
556,588,1.00
557,588,1.00
558,588,1.00
559,588,1.00
560,588,1.00
563,581,0.59
563,582,1.00
563,583,1.00
563,584,1.00
563,585,1.00
563,586,1.00
562,587,1.00
563,587,1.00
561,588,1.00
562,588,1.00
555,589,0.06
556,589,0.38
557,589,1.00
558,589,1.00
559,589,1.00
560,589,1.00
561,589,1.00
563,580,0.06
564,581,0.17
564,582,0.87
565,582,0.23
564,583,1.00
565,583,1.00
564,584,1.00
565,584,1.00
564,585,1.00
565,585,1.00
564,586,1.00
565,586,1.00
564,587,1.00
565,587,1.00
563,588,1.00
564,588,1.00
565,588,1.00
562,589,1.00
563,589,1.00
564,589,1.00
557,590,0.23
558,590,1.00
559,590,1.00
560,590,1.00
561,590,1.00
562,590,1.00
563,590,1.00
566,583,0.23
566,584,1.00
566,585,1.00
566,586,1.00
566,587,1.00
566,588,1.00
565,589,1.00
566,589,1.00
564,590,1.00
565,590,1.00
558,591,0.23
559,591,1.00
560,591,1.00
561,591,1.00
562,591,1.00
563,591,1.00
564,591,1.00
567,584,0.23
567,585,1.00
567,586,1.00
567,587,1.00
567,588,1.00
567,589,1.00
566,590,1.00
567,590,1.00
565,591,1.00
566,591,1.00
559,592,0.23
560,592,1.00
561,592,1.00
562,592,1.00
563,592,1.00
564,592,1.00
565,592,1.00
568,585,0.23
568,586,1.00
568,587,1.00
568,588,1.00
568,589,1.00
568,590,1.00
567,591,1.00
568,591,1.00
566,592,1.00
567,592,1.00
560,593,0.23
561,593,1.00
562,593,1.00
563,593,1.00
564,593,1.00
565,593,1.00
566,593,1.00
569,586,0.23
569,587,1.00
569,588,1.00
569,589,1.00
569,590,1.00
569,591,1.00
568,592,1.00
569,592,1.00
567,593,1.00
568,593,1.00
561,594,0.23
562,594,1.00
563,594,1.00
564,594,1.00
565,594,1.00
566,594,1.00
567,594,1.00
570,587,0.23
570,588,1.00
570,589,1.00
570,590,1.00
570,591,1.00
570,592,1.00
569,593,1.00
570,593,1.00
568,594,1.00
569,594,1.00
562,595,0.23
563,595,1.00
564,595,1.00
565,595,1.00
566,595,1.00
567,595,1.00
568,595,1.00
571,588,0.23
571,589,0.87
571,590,1.00
571,591,1.00
571,592,1.00
571,593,1.00
570,594,1.00
571,594,1.00
569,595,1.00
570,595,1.00
563,596,0.23
564,596,1.00
565,596,1.00
566,596,1.00
567,596,1.00
568,596,1.00
569,596,1.00
572,589,0.17
572,590,0.59
572,591,1.00
572,592,1.00
572,593,1.00
572,594,1.00
571,595,1.00
572,595,1.00
570,596,1.00
571,596,1.00
564,597,0.68
565,597,1.00
566,597,1.00
567,597,1.00
568,597,1.00
569,597,1.00
570,597,1.00
573,590,0.06
573,591,0.32
573,592,0.75
573,593,1.00
573,594,1.00
573,595,1.00
572,596,1.00
573,596,1.00
571,597,1.00
572,597,1.00
565,598,1.00
566,598,1.00
567,598,1.00
568,598,1.00
569,598,1.00
570,598,1.00
571,598,1.00
574,592,0.06
574,593,0.26
574,594,0.62
574,595,0.97
574,596,1.00
573,597,1.00
574,597,1.00
564,598,0.26
572,598,1.00
573,598,1.00
574,598,1.00
565,599,1.00
566,599,1.00
567,599,1.00
568,599,1.00
569,599,1.00
570,599,1.00
571,599,1.00
572,599,1.00
573,599,1.00
566,600,1.00
567,600,1.00
568,600,1.00
569,600,1.00
570,600,1.00
571,600,1.00
572,600,1.00
564,599,0.06
574,599,1.00
565,600,0.65
573,600,1.00
566,601,1.00
567,601,1.00
568,601,1.00
569,601,1.00
570,601,1.00
571,601,1.00
572,601,1.00
575,595,0.06
575,596,0.20
575,597,0.36
575,598,0.71
575,599,1.00
574,600,1.00
575,600,1.00
565,601,0.36
573,601,1.00
574,601,1.00
575,601,1.00
566,602,0.96
567,602,1.00
568,602,1.00
569,602,1.00
570,602,1.00
571,602,1.00
572,602,1.00
573,602,1.00
574,602,1.00
567,603,1.00
568,603,1.00
569,603,1.00
570,603,1.00
571,603,1.00
572,603,1.00
573,603,1.00
565,602,0.20
575,602,1.00
565,603,0.06
566,603,0.63
574,603,1.00
575,603,1.00
566,604,0.32
567,604,1.00
568,604,1.00
569,604,1.00
570,604,1.00
571,604,1.00
572,604,1.00
573,604,1.00
574,604,1.00
567,605,1.00
568,605,1.00
569,605,1.00
570,605,1.00
571,605,1.00
572,605,1.00
573,605,1.00
576,599,0.17
576,600,0.65
576,601,1.00
576,602,1.00
576,603,1.00
575,604,1.00
576,604,1.00
566,605,0.06
574,605,1.00
575,605,1.00
576,605,1.00
567,606,1.00
568,606,1.00
569,606,1.00
570,606,1.00
571,606,1.00
572,606,1.00
573,606,1.00
574,606,1.00
575,606,1.00
568,607,1.00
569,607,1.00
570,607,1.00
571,607,1.00
572,607,1.00
573,607,1.00
574,607,1.00
577,600,0.06
577,601,0.26
577,602,0.51
577,603,0.69
577,604,0.89
577,605,1.00
576,606,1.00
577,606,0.95
575,607,1.00
576,607,1.00
569,608,1.00
570,608,1.00
571,608,1.00
572,608,1.00
573,608,1.00
574,608,1.00
575,608,1.00
567,607,0.95
577,607,0.95
568,608,1.00
576,608,1.00
569,609,1.00
570,609,1.00
571,609,1.00
572,609,1.00
573,609,1.00
574,609,1.00
575,609,1.00
567,608,1.00
577,608,1.00
567,609,0.89
568,609,1.00
576,609,1.00
577,609,0.89
568,610,1.00
569,610,1.00
570,610,1.00
571,610,1.00
572,610,1.00
573,610,1.00
574,610,1.00
575,610,1.00
576,610,1.00
569,611,1.00
570,611,1.00
571,611,1.00
572,611,1.00
573,611,1.00
574,611,1.00
575,611,1.00
567,610,0.75
577,610,0.75
568,611,1.00
576,611,1.00
569,612,1.00
570,612,1.00
571,612,1.00
572,612,1.00
573,612,1.00
574,612,1.00
575,612,1.00
567,611,0.82
577,611,0.71
567,612,0.95
568,612,1.00
576,612,1.00
577,612,0.56
568,613,1.00
569,613,1.00
570,613,1.00
571,613,1.00
572,613,1.00
573,613,1.00
574,613,1.00
575,613,1.00
576,613,1.00
569,614,1.00
570,614,1.00
571,614,1.00
572,614,1.00
573,614,1.00
574,614,1.00
575,614,1.00
567,613,1.00
577,613,0.39
568,614,1.00
576,614,1.00
569,615,1.00
570,615,1.00
571,615,1.00
572,615,1.00
573,615,1.00
574,615,1.00
575,615,1.00
567,614,1.00
577,614,0.30
567,615,1.00
568,615,1.00
576,615,0.84
577,615,0.20
567,616,1.00
568,616,1.00
569,616,1.00
570,616,1.00
571,616,1.00
572,616,1.00
573,616,1.00
574,616,1.00
575,616,1.00
576,616,0.63
577,616,0.06
568,617,1.00
569,617,1.00
570,617,1.00
571,617,1.00
572,617,1.00
573,617,1.00
574,617,1.00
575,617,1.00
576,617,0.32
569,618,1.00
570,618,1.00
571,618,1.00
572,618,1.00
573,618,1.00
574,618,1.00
575,618,0.99
566,612,0.06
566,613,0.32
566,614,0.63
566,615,0.96
566,616,1.00
566,617,1.00
567,617,1.00
566,618,1.00
567,618,1.00
568,618,1.00
576,618,0.06
567,619,1.00
568,619,1.00
569,619,1.00
570,619,1.00
571,619,1.00
572,619,1.00
573,619,1.00
574,619,1.00
575,619,0.65
568,620,1.00
569,620,1.00
570,620,1.00
571,620,1.00
572,620,1.00
573,620,1.00
574,620,1.00
565,614,0.06
565,615,0.20
565,616,0.36
565,617,0.82
565,618,1.00
565,619,1.00
566,619,1.00
565,620,1.00
566,620,1.00
567,620,1.00
575,620,0.36
566,621,1.00
567,621,1.00
568,621,1.00
569,621,1.00
570,621,1.00
571,621,1.00
572,621,1.00
573,621,1.00
574,621,1.00
567,622,1.00
568,622,1.00
569,622,1.00
570,622,1.00
571,622,1.00
572,622,1.00
573,622,1.00
565,621,1.00
575,621,0.20
565,622,1.00
566,622,1.00
574,622,0.93
575,622,0.06
566,623,1.00
567,623,1.00
568,623,1.00
569,623,1.00
570,623,1.00
571,623,1.00
572,623,1.00
573,623,1.00
574,623,0.52
567,624,1.00
568,624,1.00
569,624,1.00
570,624,1.00
571,624,1.00
572,624,1.00
573,624,1.00
564,618,0.23
564,619,0.91
564,620,1.00
564,621,1.00
564,622,1.00
564,623,1.00
565,623,1.00
564,624,1.00
565,624,1.00
566,624,1.00
574,624,0.11
565,625,1.00
566,625,1.00
567,625,1.00
568,625,1.00
569,625,1.00
570,625,1.00
571,625,1.00
572,625,1.00
573,625,0.49
566,626,1.00
567,626,1.00
568,626,1.00
569,626,1.00
570,626,1.00
571,626,1.00
572,626,0.77
563,619,0.06
563,620,0.43
563,621,1.00
563,622,1.00
563,623,1.00
563,624,1.00
563,625,1.00
564,625,1.00
564,626,1.00
565,626,1.00
565,627,1.00
566,627,1.00
567,627,1.00
568,627,1.00
569,627,1.00
570,627,1.00
571,627,0.93
563,626,1.00
573,626,0.06
564,627,1.00
572,627,0.17
565,628,1.00
566,628,1.00
567,628,1.00
568,628,1.00
569,628,1.00
570,628,1.00
571,628,0.23
562,621,0.17
562,622,0.80
562,623,1.00
562,624,1.00
562,625,1.00
562,626,1.00
562,627,1.00
563,627,1.00
563,628,1.00
564,628,1.00
564,629,1.00
565,629,1.00
566,629,1.00
567,629,1.00
568,629,1.00
569,629,1.00
570,629,0.38
561,622,0.11
561,623,0.86
561,624,1.00
561,625,1.00
561,626,1.00
561,627,1.00
561,628,1.00
562,628,1.00
562,629,1.00
563,629,1.00
563,630,1.00
564,630,1.00
565,630,1.00
566,630,1.00
567,630,1.00
568,630,1.00
569,630,0.45
560,624,0.93
560,625,1.00
560,626,1.00
560,627,1.00
560,628,1.00
560,629,1.00
561,629,1.00
560,630,1.00
561,630,1.00
562,630,1.00
570,630,0.06
561,631,1.00
562,631,1.00
563,631,1.00
564,631,1.00
565,631,1.00
566,631,1.00
567,631,1.00
568,631,0.50
569,631,0.11
562,632,1.00
563,632,1.00
564,632,1.00
565,632,1.00
566,632,1.00
567,632,0.43
568,632,0.06
560,623,0.17
559,624,0.23
559,625,0.87
559,626,1.00
559,627,1.00
559,628,1.00
559,629,1.00
559,630,1.00
560,631,1.00
561,632,1.00
558,625,0.17
558,626,0.59
558,627,1.00
558,628,1.00
558,629,1.00
558,630,1.00
558,631,1.00
559,631,1.00
559,632,1.00
560,632,1.00
560,633,1.00
561,633,1.00
562,633,1.00
563,633,1.00
564,633,1.00
565,633,1.00
566,633,0.38
557,626,0.06
557,627,0.52
557,628,1.00
557,629,1.00
557,630,1.00
557,631,1.00
557,632,1.00
558,632,1.00
558,633,1.00
559,633,1.00
559,634,1.00
560,634,1.00
561,634,1.00
562,634,1.00
563,634,1.00
564,634,1.00
565,634,0.39
556,628,0.69
556,629,1.00
556,630,1.00
556,631,1.00
556,632,1.00
556,633,1.00
557,633,1.00
556,634,1.00
557,634,1.00
558,634,1.00
566,634,0.06
557,635,1.00
558,635,1.00
559,635,1.00
560,635,1.00
561,635,1.00
562,635,1.00
563,635,0.84
564,635,0.39
565,635,0.11
558,636,1.00
559,636,1.00
560,636,1.00
561,636,1.00
562,636,0.89
563,636,0.32
564,636,0.06
556,627,0.06
555,628,0.32
554,629,0.95
555,629,1.00
554,630,1.00
555,630,1.00
554,631,1.00
555,631,1.00
554,632,1.00
555,632,1.00
554,633,1.00
555,633,1.00
554,634,1.00
555,634,1.00
554,635,1.00
555,635,1.00
556,635,1.00
555,636,1.00
556,636,1.00
557,636,1.00
556,637,1.00
557,637,1.00
558,637,1.00
559,637,1.00
560,637,1.00
561,637,0.71
562,637,0.11
554,628,0.06
553,629,0.38
552,630,1.00
553,630,1.00
552,631,1.00
553,631,1.00
552,632,1.00
553,632,1.00
552,633,1.00
553,633,1.00
552,634,1.00
553,634,1.00
552,635,1.00
553,635,1.00
552,636,1.00
553,636,1.00
554,636,1.00
553,637,1.00
554,637,1.00
555,637,1.00
554,638,1.00
555,638,1.00
556,638,1.00
557,638,1.00
558,638,1.00
559,638,1.00
560,638,0.50
552,637,1.00
553,638,1.00
561,638,0.11
554,639,1.00
555,639,1.00
556,639,1.00
557,639,1.00
558,639,0.90
559,639,0.26
560,639,0.06
551,631,1.00
551,632,1.00
551,633,1.00
551,634,1.00
551,635,1.00
551,636,1.00
551,637,1.00
552,638,1.00
553,639,1.00
552,629,0.06
551,630,0.99
550,631,1.00
550,632,1.00
550,633,1.00
550,634,1.00
550,635,1.00
550,636,1.00
550,637,1.00
551,638,1.00
552,639,1.00
549,632,1.00
549,633,1.00
549,634,1.00
549,635,1.00
549,636,1.00
549,637,1.00
549,638,1.00
550,638,1.00
550,639,1.00
551,639,1.00
551,640,1.00
552,640,1.00
553,640,1.00
554,640,1.00
555,640,1.00
556,640,0.73
557,640,0.17
550,630,0.32
549,631,1.00
548,632,1.00
548,633,1.00
548,634,1.00
548,635,1.00
548,636,1.00
548,637,1.00
548,638,1.00
549,639,1.00
550,640,1.00
549,630,0.06
548,631,0.71
547,632,1.00
547,633,1.00
547,634,1.00
547,635,1.00
547,636,1.00
547,637,1.00
547,638,1.00
548,639,1.00
549,640,1.00
546,633,1.00
546,634,1.00
546,635,1.00
546,636,1.00
546,637,1.00
546,638,1.00
546,639,1.00
547,639,1.00
547,640,1.00
548,640,1.00
548,641,1.00
549,641,1.00
550,641,0.95
551,641,0.69
552,641,0.51
553,641,0.26
554,641,0.06
547,631,0.36
546,632,1.00
545,633,1.00
545,634,1.00
545,635,1.00
545,636,1.00
545,637,1.00
545,638,1.00
545,639,1.00
546,640,1.00
547,641,1.00
545,631,0.06
546,631,0.20
544,632,0.95
545,632,1.00
543,633,1.00
544,633,1.00
543,634,1.00
544,634,1.00
543,635,1.00
544,635,1.00
543,636,1.00
544,636,1.00
543,637,1.00
544,637,1.00
543,638,1.00
544,638,1.00
543,639,1.00
544,639,1.00
544,640,1.00
545,640,1.00
545,641,1.00
546,641,1.00
543,632,0.56
542,633,0.96
541,634,0.98
542,634,1.00
541,635,1.00
542,635,1.00
541,636,1.00
542,636,1.00
541,637,1.00
542,637,1.00
541,638,1.00
542,638,1.00
541,639,1.00
542,639,1.00
541,640,0.98
542,640,1.00
543,640,1.00
542,641,0.96
543,641,1.00
544,641,1.00
543,642,0.56
544,642,0.84
545,642,0.93
546,642,0.84
547,642,0.56
548,642,0.26
549,642,0.06
542,632,0.26
541,633,0.45
540,634,0.39
540,635,0.71
540,636,0.93
540,637,1.00
540,638,0.93
540,639,0.71
540,640,0.39
541,641,0.45
542,642,0.26
541,632,0.06
540,633,0.11
539,634,0.06
539,635,0.20
539,636,0.30
539,637,0.33
539,638,0.30
539,639,0.20
539,640,0.06
540,641,0.11
541,642,0.06

