601,457,1.00
602,457,1.00
603,457,1.00
604,457,1.00
605,457,1.00
606,457,1.00
607,457,1.00
600,458,1.00
601,458,1.00
602,458,1.00
603,458,1.00
604,458,1.00
605,458,1.00
606,458,1.00
607,458,1.00
608,458,1.00
599,459,1.00
600,459,1.00
601,459,1.00
602,459,1.00
603,459,1.00
604,459,1.00
605,459,1.00
606,459,1.00
607,459,1.00
608,459,1.00
609,459,1.00
599,460,1.00
600,460,1.00
601,460,1.00
602,460,1.00
603,460,1.00
604,460,1.00
605,460,1.00
606,460,1.00
607,460,1.00
608,460,1.00
609,460,1.00
599,461,1.00
600,461,1.00
601,461,1.00
602,461,1.00
603,461,1.00
604,461,1.00
605,461,1.00
606,461,1.00
607,461,1.00
608,461,1.00
609,461,1.00
599,462,1.00
600,462,1.00
601,462,1.00
602,462,1.00
603,462,1.00
604,462,1.00
605,462,1.00
606,462,1.00
607,462,1.00
608,462,1.00
609,462,1.00
599,463,1.00
600,463,1.00
601,463,1.00
602,463,1.00
603,463,1.00
604,463,1.00
605,463,1.00
606,463,1.00
607,463,1.00
608,463,1.00
609,463,1.00
599,464,1.00
600,464,1.00
601,464,1.00
602,464,1.00
603,464,1.00
604,464,1.00
605,464,1.00
606,464,1.00
607,464,1.00
608,464,1.00
609,464,0.74
599,465,1.00
600,465,1.00
601,465,1.00
602,465,1.00
603,465,1.00
604,465,1.00
605,465,1.00
606,465,1.00
607,465,1.00
608,465,1.00
609,465,0.23
600,466,1.00
601,466,1.00
602,466,1.00
603,466,1.00
604,466,1.00
605,466,1.00
606,466,1.00
607,466,1.00
608,466,0.79
601,467,1.00
602,467,1.00
603,467,1.00
604,467,1.00
605,467,1.00
606,467,1.00
607,467,1.00
600,457,1.00
599,458,1.00
598,459,1.00
598,460,1.00
598,461,1.00
598,462,1.00
598,463,1.00
598,464,1.00
598,465,1.00
599,466,1.00
600,467,1.00
599,457,1.00
598,458,1.00
597,459,1.00
597,460,1.00
597,461,1.00
597,462,1.00
597,463,1.00
597,464,1.00
597,465,1.00
598,466,1.00
599,467,1.00
598,457,1.00
597,458,1.00
596,459,1.00
596,460,1.00
596,461,1.00
596,462,1.00
596,463,1.00
596,464,1.00
596,465,1.00
597,466,1.00
598,467,1.00
596,457,1.00
597,457,1.00
595,458,1.00
596,458,1.00
594,459,1.00
595,459,1.00
594,460,1.00
595,460,1.00
594,461,1.00
595,461,1.00
594,462,1.00
595,462,1.00
594,463,1.00
595,463,1.00
594,464,1.00
595,464,1.00
594,465,1.00
595,465,1.00
595,466,1.00
596,466,1.00
596,467,1.00
597,467,1.00
593,457,1.00
594,457,1.00
595,457,1.00
592,458,1.00
593,458,1.00
594,458,1.00
591,459,1.00
592,459,1.00
593,459,1.00
591,460,1.00
592,460,1.00
593,460,1.00
591,461,1.00
592,461,1.00
593,461,1.00
591,462,1.00
592,462,1.00
593,462,1.00
591,463,1.00
592,463,1.00
593,463,1.00
591,464,1.00
592,464,1.00
593,464,1.00
591,465,1.00
592,465,1.00
593,465,1.00
592,466,1.00
593,466,1.00
594,466,1.00
593,467,1.00
594,467,1.00
595,467,1.00
591,457,1.00
592,457,1.00
590,458,1.00
591,458,1.00
589,459,1.00
590,459,1.00
589,460,1.00
590,460,1.00
589,461,1.00
590,461,1.00
589,462,1.00
590,462,1.00
589,463,1.00
590,463,1.00
589,464,1.00
590,464,1.00
589,465,1.00
590,465,1.00
590,466,1.00
591,466,1.00
591,467,1.00
592,467,1.00
589,457,1.00
590,457,1.00
588,458,1.00
589,458,1.00
587,459,1.00
588,459,1.00
587,460,1.00
588,460,1.00
587,461,1.00
588,461,1.00
587,462,1.00
588,462,1.00
587,463,1.00
588,463,1.00
587,464,1.00
588,464,1.00
587,465,1.00
588,465,1.00
588,466,1.00
589,466,1.00
589,467,1.00
590,467,1.00
586,457,1.00
587,457,1.00
588,457,1.00
585,458,1.00
586,458,1.00
587,458,1.00
584,459,1.00
585,459,1.00
586,459,1.00
584,460,1.00
585,460,1.00
586,460,1.00
584,461,1.00
585,461,1.00
586,461,1.00
584,462,1.00
585,462,1.00
586,462,1.00
584,463,1.00
585,463,1.00
586,463,1.00
584,464,1.00
585,464,1.00
586,464,1.00
584,465,1.00
585,465,1.00
586,465,1.00
585,466,1.00
586,466,1.00
587,466,1.00
586,467,1.00
587,467,1.00
588,467,1.00
583,457,1.00
584,457,1.00
585,457,1.00
582,458,1.00
583,458,1.00
584,458,1.00
581,459,1.00
582,459,1.00
583,459,1.00
581,460,1.00
582,460,1.00
583,460,1.00
581,461,1.00
582,461,1.00
583,461,1.00
581,462,1.00
582,462,1.00
583,462,1.00
581,463,1.00
582,463,1.00
583,463,1.00
581,464,1.00
582,464,1.00
583,464,1.00
581,465,1.00
582,465,1.00
583,465,1.00
582,466,1.00
583,466,1.00
584,466,1.00
583,467,1.00
584,467,1.00
585,467,1.00
580,457,1.00
581,457,1.00
582,457,1.00
579,458,1.00
580,458,1.00
581,458,1.00
578,459,1.00
579,459,1.00
580,459,1.00
578,460,1.00
579,460,1.00
580,460,1.00
578,461,1.00
579,461,1.00
580,461,1.00
578,462,1.00
579,462,1.00
580,462,1.00
578,463,1.00
579,463,1.00
580,463,1.00
578,464,1.00
579,464,1.00
580,464,1.00
578,465,1.00
579,465,1.00
580,465,1.00
579,466,1.00
580,466,1.00
581,466,1.00
580,467,1.00
581,467,1.00
582,467,1.00
578,457,1.00
579,457,1.00
577,458,1.00
578,458,1.00
576,459,1.00
577,459,1.00
576,460,1.00
577,460,1.00
576,461,1.00
577,461,1.00
576,462,1.00
577,462,1.00
576,463,1.00
577,463,1.00
576,464,1.00
577,464,1.00
576,465,1.00
577,465,1.00
577,466,1.00
578,466,1.00
578,467,1.00
579,467,1.00
576,457,1.00
577,457,1.00
575,458,1.00
576,458,1.00
574,459,1.00
575,459,1.00
574,460,1.00
575,460,1.00
574,461,1.00
575,461,1.00
574,462,1.00
575,462,1.00
574,463,1.00
575,463,1.00
574,464,1.00
575,464,1.00
574,465,1.00
575,465,1.00
575,466,1.00
576,466,1.00
576,467,1.00
577,467,1.00
574,457,1.00
575,457,1.00
573,458,1.00
574,458,1.00
572,459,1.00
573,459,1.00
572,460,1.00
573,460,1.00
572,461,1.00
573,461,1.00
572,462,1.00
573,462,1.00
572,463,1.00
573,463,1.00
572,464,1.00
573,464,1.00
572,465,1.00
573,465,1.00
573,466,1.00
574,466,1.00
574,467,1.00
575,467,1.00
573,457,1.00
572,458,1.00
571,459,1.00
571,460,1.00
571,461,1.00
571,462,1.00
571,463,1.00
571,464,1.00
571,465,1.00
572,466,1.00
573,467,1.00
572,456,1.00
573,456,1.00
574,456,1.00
575,456,1.00
576,456,1.00
577,456,1.00
578,456,1.00
571,457,1.00
572,457,1.00
570,458,1.00
571,458,1.00
570,459,1.00
570,460,1.00
570,461,1.00
570,462,1.00
570,463,1.00
570,464,1.00
570,456,1.00
571,456,1.00
569,457,1.00
570,457,1.00
568,458,1.00
569,458,1.00
568,459,1.00
569,459,1.00
568,460,1.00
569,460,1.00
568,461,1.00
569,461,1.00
568,462,1.00
569,462,1.00
568,463,1.00
569,463,1.00
568,464,1.00
569,464,1.00
569,465,1.00
570,465,1.00
570,466,1.00
571,466,1.00
569,455,1.00
570,455,1.00
571,455,1.00
572,455,1.00
573,455,0.80
574,455,0.32
575,455,0.11
568,456,1.00
569,456,1.00
567,457,1.00
568,457,1.00
567,458,1.00
567,459,1.00
567,460,1.00
567,461,1.00
567,462,1.00
567,463,1.00
567,454,1.00
568,454,1.00
569,454,1.00
570,454,1.00
571,454,1.00
572,454,0.58
573,454,0.06
566,455,1.00
567,455,1.00
568,455,1.00
565,456,1.00
566,456,1.00
567,456,1.00
565,457,1.00
566,457,1.00
565,458,1.00
566,458,1.00
565,459,1.00
566,459,1.00
565,460,1.00
566,460,1.00
565,461,1.00
566,461,1.00
565,462,1.00
566,462,1.00
566,463,1.00
567,464,1.00
566,454,1.00
565,455,1.00
564,456,1.00
564,457,1.00
564,458,1.00
564,459,1.00
564,460,1.00
564,461,1.00
564,462,1.00
565,463,1.00
566,464,1.00
565,453,1.00
566,453,1.00
567,453,1.00
568,453,1.00
569,453,1.00
570,453,1.00
571,453,0.45
564,454,1.00
565,454,1.00
563,455,1.00
564,455,1.00
563,456,1.00
563,457,1.00
563,458,1.00
563,459,1.00
563,460,1.00
563,461,1.00
564,451,1.00
565,451,1.00
566,451,1.00
567,451,1.00
568,451,1.00
569,451,1.00
570,451,1.00
563,452,1.00
564,452,1.00
565,452,1.00
566,452,1.00
567,452,1.00
568,452,1.00
569,452,1.00
570,452,1.00
571,452,0.45
562,453,1.00
563,453,1.00
564,453,1.00
572,453,0.06
562,454,1.00
563,454,1.00
562,455,1.00
562,456,1.00
562,457,1.00
562,458,1.00
562,459,1.00
562,448,1.00
563,448,1.00
564,448,1.00
565,448,1.00
566,448,1.00
567,448,1.00
568,448,1.00
561,449,1.00
562,449,1.00
563,449,1.00
564,449,1.00
565,449,1.00
566,449,1.00
567,449,1.00
568,449,1.00
569,449,1.00
560,450,1.00
561,450,1.00
562,450,1.00
563,450,1.00
564,450,1.00
565,450,1.00
566,450,1.00
567,450,1.00
568,450,1.00
569,450,1.00
570,450,1.00
560,451,1.00
561,451,1.00
562,451,1.00
563,451,1.00
560,452,1.00
561,452,1.00
562,452,1.00
560,453,1.00
561,453,1.00
560,454,1.00
561,454,1.00
560,455,1.00
561,455,1.00
560,456,1.00
561,456,1.00
561,457,1.00
561,445,1.00
562,445,1.00
563,445,1.00
564,445,1.00
565,445,1.00
566,445,1.00
567,445,1.00
560,446,1.00
561,446,1.00
562,446,1.00
563,446,1.00
564,446,1.00
565,446,1.00
566,446,1.00
567,446,1.00
568,446,1.00
559,447,1.00
560,447,1.00
561,447,1.00
562,447,1.00
563,447,1.00
564,447,1.00
565,447,1.00
566,447,1.00
567,447,1.00
568,447,1.00
569,447,1.00
559,448,1.00
560,448,1.00
561,448,1.00
569,448,1.00
559,449,1.00
560,449,1.00
559,450,1.00
559,451,1.00
559,452,1.00
559,453,1.00
561,441,1.00
562,441,1.00
563,441,1.00
564,441,1.00
565,441,1.00
566,441,1.00
567,441,1.00
560,442,1.00
561,442,1.00
562,442,1.00
563,442,1.00
564,442,1.00
565,442,1.00
566,442,1.00
567,442,1.00
568,442,1.00
559,443,1.00
560,443,1.00
561,443,1.00
562,443,1.00
563,443,1.00
564,443,1.00
565,443,1.00
566,443,1.00
567,443,1.00
568,443,1.00
569,443,1.00
559,444,1.00
560,444,1.00
561,444,1.00
562,444,1.00
563,444,1.00
564,444,1.00
565,444,1.00
566,444,1.00
567,444,1.00
568,444,1.00
569,444,1.00
559,445,1.00
560,445,1.00
568,445,1.00
569,445,1.00
559,446,1.00
569,446,1.00
560,439,1.00
561,439,1.00
562,439,1.00
563,439,1.00
564,439,1.00
565,439,1.00
566,439,1.00
559,440,1.00
560,440,1.00
561,440,1.00
562,440,1.00
563,440,1.00
564,440,1.00
565,440,1.00
566,440,1.00
567,440,1.00
558,441,1.00
559,441,1.00
560,441,1.00
568,441,1.00
558,442,1.00
559,442,1.00
558,443,1.00
558,444,1.00
558,445,1.00
558,446,1.00
558,447,1.00
560,436,1.00
561,436,1.00
562,436,1.00
563,436,1.00
564,436,1.00
565,436,1.00
566,436,1.00
559,437,1.00
560,437,1.00
561,437,1.00
562,437,1.00
563,437,1.00
564,437,1.00
565,437,1.00
566,437,1.00
567,437,1.00
558,438,1.00
559,438,1.00
560,438,1.00
561,438,1.00
562,438,1.00
563,438,1.00
564,438,1.00
565,438,1.00
566,438,1.00
567,438,1.00
568,438,1.00
558,439,1.00
559,439,1.00
567,439,1.00
568,439,1.00
558,440,1.00
568,440,1.00
560,435,1.00
561,435,1.00
562,435,1.00
563,435,1.00
564,435,1.00
565,435,1.00
566,435,1.00
559,436,1.00
567,436,1.00
558,437,1.00
568,437,1.00
561,432,1.00
562,432,1.00
563,432,1.00
564,432,1.00
565,432,1.00
566,432,1.00
567,432,1.00
560,433,1.00
561,433,1.00
562,433,1.00
563,433,1.00
564,433,1.00
565,433,1.00
566,433,1.00
567,433,1.00
568,433,1.00
559,434,1.00
560,434,1.00
561,434,1.00
562,434,1.00
563,434,1.00
564,434,1.00
565,434,1.00
566,434,1.00
567,434,1.00
568,434,1.00
569,434,1.00
559,435,1.00
567,435,1.00
568,435,1.00
569,435,1.00
568,436,1.00
569,436,1.00
569,437,1.00
569,438,1.00
569,439,1.00
569,440,1.00
562,429,1.00
563,429,1.00
564,429,1.00
565,429,1.00
566,429,1.00
567,429,1.00
568,429,1.00
561,430,1.00
562,430,1.00
563,430,1.00
564,430,1.00
565,430,1.00
566,430,1.00
567,430,1.00
568,430,1.00
569,430,1.00
560,431,1.00
561,431,1.00
562,431,1.00
563,431,1.00
564,431,1.00
565,431,1.00
566,431,1.00
567,431,1.00
568,431,1.00
569,431,1.00
570,431,1.00
560,432,1.00
568,432,1.00
569,432,1.00
570,432,1.00
569,433,1.00
570,433,1.00
570,434,1.00
570,435,1.00
570,436,1.00
570,437,1.00
565,427,1.00
566,427,1.00
567,427,1.00
568,427,1.00
569,427,1.00
570,427,1.00
571,427,1.00
564,428,1.00
565,428,1.00
566,428,1.00
567,428,1.00
568,428,1.00
569,428,1.00
570,428,1.00
571,428,1.00
572,428,1.00
569,429,1.00
570,429,1.00
571,429,1.00
572,429,1.00
573,429,1.00
570,430,1.00
571,430,1.00
572,430,1.00
573,430,1.00
571,431,1.00
572,431,1.00
573,431,1.00
571,432,1.00
572,432,1.00
573,432,1.00
571,433,1.00
572,433,1.00
573,433,1.00
571,434,1.00
572,434,1.00
573,434,1.00
571,435,1.00
572,435,1.00
573,435,0.77
571,436,1.00
572,436,1.00
571,437,1.00
568,425,1.00
569,425,1.00
570,425,1.00
571,425,1.00
572,425,1.00
573,425,1.00
574,425,1.00
567,426,1.00
568,426,1.00
569,426,1.00
570,426,1.00
571,426,1.00
572,426,1.00
573,426,1.00
574,426,1.00
575,426,1.00
572,427,1.00
573,427,1.00
574,427,1.00
575,427,1.00
576,427,1.00
573,428,1.00
574,428,1.00
575,428,1.00
576,428,1.00
574,429,1.00
575,429,1.00
576,429,1.00
574,430,1.00
575,430,1.00
576,430,1.00
574,431,1.00
575,431,1.00
576,431,1.00
574,432,1.00
575,432,1.00
576,432,1.00
574,433,1.00
575,433,1.00
576,433,1.00
574,434,1.00
575,434,1.00
574,435,0.56
572,424,0.65
573,424,0.77
574,424,0.86
575,424,0.98
576,424,1.00
577,424,1.00
578,424,0.95
575,425,1.00
576,425,1.00
577,425,1.00
578,425,1.00
579,425,1.00
576,426,1.00
577,426,1.00
578,426,1.00
579,426,1.00
580,426,1.00
577,427,1.00
578,427,1.00
579,427,1.00
580,427,1.00
577,428,1.00
578,428,1.00
579,428,1.00
580,428,1.00
577,429,1.00
578,429,1.00
579,429,1.00
580,429,1.00
577,430,1.00
578,430,1.00
579,430,1.00
580,430,1.00
577,431,1.00
578,431,1.00
579,431,1.00
580,431,1.00
577,432,1.00
578,432,1.00
579,432,1.00
580,432,1.00
577,433,1.00
578,433,1.00
579,433,1.00
576,434,1.00
577,434,1.00
578,434,0.95
579,424,0.92
580,424,1.00
581,424,1.00
580,425,1.00
581,425,1.00
582,425,1.00
581,426,1.00
582,426,1.00
583,426,1.00
581,427,1.00
582,427,1.00
583,427,1.00
581,428,1.00
582,428,1.00
583,428,1.00
581,429,1.00
582,429,1.00
583,429,1.00
581,430,1.00
582,430,1.00
583,430,1.00
581,431,1.00
582,431,1.00
583,431,1.00
581,432,1.00
582,432,1.00
583,432,1.00
580,433,1.00
581,433,1.00
582,433,1.00
579,434,0.92
580,434,1.00
581,434,1.00
582,424,1.00
583,424,1.00
584,424,1.00
585,424,0.95
583,425,1.00
584,425,1.00
585,425,1.00
586,425,1.00
584,426,1.00
585,426,1.00
586,426,1.00
587,426,1.00
584,427,1.00
585,427,1.00
586,427,1.00
587,427,1.00
584,428,1.00
585,428,1.00
586,428,1.00
587,428,1.00
584,429,1.00
585,429,1.00
586,429,1.00
587,429,1.00
584,430,1.00
585,430,1.00
586,430,1.00
587,430,1.00
584,431,1.00
585,431,1.00
586,431,1.00
587,431,1.00
584,432,1.00
585,432,1.00
586,432,1.00
587,432,1.00
583,433,1.00
584,433,1.00
585,433,1.00
586,433,1.00
582,434,1.00
583,434,1.00
584,434,1.00
585,434,1.00
586,424,0.81
587,424,0.59
587,425,1.00
588,425,1.00
588,426,1.00
589,426,1.00
588,427,1.00
589,427,1.00
588,428,1.00
589,428,1.00
588,429,1.00
589,429,1.00
588,430,1.00
589,430,1.00
588,431,1.00
589,431,1.00
588,432,1.00
589,432,1.00
587,433,1.00
588,433,1.00
586,434,1.00
587,434,1.00
588,424,0.36
589,424,0.20
590,424,0.06
589,425,0.96
590,425,0.63
591,425,0.32
590,426,1.00
591,426,0.90
592,426,0.39
590,427,1.00
591,427,1.00
592,427,1.00
590,428,1.00
591,428,1.00
592,428,1.00
590,429,1.00
591,429,1.00
592,429,1.00
590,430,1.00
591,430,1.00
592,430,1.00
590,431,1.00
591,431,1.00
592,431,1.00
590,432,1.00
591,432,1.00
592,432,1.00
589,433,1.00
590,433,1.00
591,433,1.00
588,434,1.00
589,434,1.00
590,434,1.00
592,425,0.06
593,426,0.11
593,427,0.63
594,427,0.26
593,428,1.00
594,428,0.71
593,429,1.00
594,429,1.00
593,430,1.00
594,430,1.00
593,431,1.00
594,431,1.00
593,432,1.00
594,432,1.00
592,433,1.00
593,433,1.00
594,433,1.00
591,434,1.00
592,434,1.00
593,434,1.00
586,435,1.00
587,435,1.00
588,435,1.00
589,435,1.00
590,435,1.00
591,435,1.00
592,435,1.00
595,427,0.06
595,428,0.33
596,428,0.11
595,429,0.64
596,429,0.33
597,429,0.06
595,430,1.00
596,430,0.83
597,430,0.26
595,431,1.00
596,431,1.00
597,431,0.75
595,432,1.00
596,432,1.00
597,432,1.00
595,433,1.00
596,433,1.00
597,433,1.00
594,434,1.00
595,434,1.00
596,434,1.00
597,434,1.00
593,435,1.00
594,435,1.00
595,435,1.00
596,435,1.00
597,435,1.00
588,436,1.00
589,436,1.00
590,436,1.00
591,436,1.00
592,436,1.00
593,436,1.00
594,436,1.00
595,436,1.00
596,436,1.00
589,437,1.00
590,437,1.00
591,437,1.00
592,437,1.00
593,437,1.00
594,437,1.00
595,437,1.00
598,431,0.11
598,432,0.45
599,432,0.06
598,433,0.84
599,433,0.26
598,434,1.00
599,434,0.71
598,435,1.00
599,435,1.00
597,436,1.00
598,436,1.00
599,436,1.00
596,437,1.00
597,437,1.00
598,437,1.00
599,437,1.00
589,438,0.93
590,438,1.00
591,438,1.00
592,438,1.00
593,438,1.00
594,438,1.00
595,438,1.00
596,438,1.00
597,438,1.00
598,438,1.00
599,438,1.00
590,439,0.95
591,439,1.00
592,439,1.00
593,439,1.00
594,439,1.00
595,439,1.00
596,439,1.00
597,439,1.00
598,439,1.00
591,440,1.00
592,440,1.00
593,440,1.00
594,440,1.00
595,440,1.00
596,440,1.00
597,440,1.00
600,434,0.06
600,435,0.33
601,435,0.11
600,436,0.59
601,436,0.33
602,436,0.06
600,437,1.00
601,437,0.77
602,437,0.26
600,438,1.00
601,438,1.00
602,438,0.75
599,439,1.00
600,439,1.00
601,439,1.00
602,439,1.00
598,440,1.00
599,440,1.00
600,440,1.00
601,440,1.00
602,440,1.00
592,441,1.00
593,441,1.00
594,441,1.00
595,441,1.00
596,441,1.00
597,441,1.00
598,441,1.00
599,441,1.00
600,441,1.00
601,441,1.00
602,441,1.00
592,442,0.97
593,442,1.00
594,442,1.00
595,442,1.00
596,442,1.00
597,442,1.00
598,442,1.00
599,442,1.00
600,442,1.00
601,442,1.00
602,442,1.00
593,443,1.00
594,443,1.00
595,443,1.00
596,443,1.00
597,443,1.00
598,443,1.00
599,443,1.00
600,443,1.00
601,443,1.00
594,444,1.00
595,444,1.00
596,444,1.00
597,444,1.00
598,444,1.00
599,444,1.00
600,444,1.00
603,438,0.11
603,439,0.39
604,439,0.06
603,440,0.71
604,440,0.20
603,441,1.00
604,441,0.41
603,442,1.00
604,442,1.00
602,443,1.00
603,443,1.00
604,443,1.00
601,444,1.00
602,444,1.00
603,444,1.00
604,444,1.00
594,445,1.00
595,445,1.00
596,445,1.00
597,445,1.00
598,445,1.00
599,445,1.00
600,445,1.00
601,445,1.00
602,445,1.00
603,445,1.00
604,445,1.00
595,446,1.00
596,446,1.00
597,446,1.00
598,446,1.00
599,446,1.00
600,446,1.00
601,446,1.00
602,446,1.00
603,446,1.00
596,447,1.00
597,447,1.00
598,447,1.00
599,447,1.00
600,447,1.00
601,447,1.00
602,447,1.00
605,442,0.23
605,443,0.72
606,443,0.11
605,444,1.00
606,444,0.52
605,445,1.00
606,445,1.00
604,446,1.00
605,446,1.00
606,446,1.00
603,447,1.00
604,447,1.00
605,447,1.00
606,447,1.00
596,448,1.00
597,448,1.00
598,448,1.00
599,448,1.00
600,448,1.00
601,448,1.00
602,448,1.00
603,448,1.00
604,448,1.00
605,448,1.00
606,448,1.00
596,449,1.00
597,449,1.00
598,449,1.00
599,449,1.00
600,449,1.00
601,449,1.00
602,449,1.00
603,449,1.00
604,449,1.00
605,449,1.00
606,449,1.00
597,450,1.00
598,450,1.00
599,450,1.00
600,450,1.00
601,450,1.00
602,450,1.00
603,450,1.00
604,450,1.00
605,450,1.00
598,451,1.00
599,451,1.00
600,451,1.00
601,451,1.00
602,451,1.00
603,451,1.00
604,451,1.00
607,445,0.06
607,446,0.26
607,447,0.68
607,448,1.00
607,449,1.00
606,450,1.00
607,450,1.00
597,451,1.00
605,451,1.00
606,451,1.00
607,451,1.00
598,452,1.00
599,452,1.00
600,452,1.00
601,452,1.00
602,452,1.00
603,452,1.00
604,452,1.00
605,452,1.00
606,452,1.00
599,453,1.00
600,453,1.00
601,453,1.00
602,453,1.00
603,453,1.00
604,453,1.00
605,453,1.00
608,448,0.23
608,449,1.00
608,450,1.00
608,451,1.00
607,452,1.00
608,452,1.00
598,453,1.00
606,453,1.00
607,453,1.00
608,453,1.00
598,454,1.00
599,454,1.00
600,454,1.00
601,454,1.00
602,454,1.00
603,454,1.00
604,454,1.00
605,454,1.00
606,454,1.00
607,454,1.00
608,454,1.00
599,455,1.00
600,455,1.00
601,455,1.00
602,455,1.00
603,455,1.00
604,455,1.00
605,455,1.00
606,455,1.00
607,455,1.00
600,456,1.00
601,456,1.00
602,456,1.00
603,456,1.00
604,456,1.00
605,456,1.00
606,456,1.00
598,455,1.00
608,455,1.00
599,456,1.00
607,456,1.00
598,456,1.00
608,456,1.00
608,457,1.00
597,454,1.00
597,455,1.00
597,456,1.00
596,456,1.00
594,468,1.00
595,468,1.00
596,468,1.00
597,468,1.00
598,468,1.00
599,468,1.00
600,468,1.00
589,468,1.00
590,468,1.00
591,468,1.00
592,468,1.00
593,468,1.00
590,469,1.00
591,469,1.00
592,469,1.00
593,469,1.00
594,469,1.00
595,469,1.00
596,469,1.00
597,469,1.00
598,469,1.00
591,470,1.00
592,470,1.00
593,470,1.00
594,470,1.00
595,470,1.00
596,470,1.00
597,470,1.00
586,468,1.00
587,468,1.00
588,468,1.00
586,469,1.00
587,469,1.00
588,469,1.00
589,469,1.00
586,470,1.00
587,470,1.00
588,470,1.00
589,470,1.00
590,470,1.00
586,471,1.00
587,471,1.00
588,471,1.00
589,471,1.00
590,471,1.00
591,471,1.00
592,471,1.00
593,471,1.00
594,471,1.00
595,471,1.00
596,471,1.00
587,472,1.00
588,472,1.00
589,472,1.00
590,472,1.00
591,472,1.00
592,472,1.00
593,472,1.00
594,472,1.00
595,472,1.00
588,473,1.00
589,473,1.00
590,473,1.00
591,473,1.00
592,473,1.00
593,473,1.00
594,473,1.00
583,468,1.00
584,468,1.00
585,468,1.00
583,469,1.00
584,469,1.00
585,469,1.00
583,470,1.00
584,470,1.00
585,470,1.00
583,471,1.00
584,471,1.00
585,471,1.00
583,472,1.00
584,472,1.00
585,472,1.00
586,472,1.00
583,473,1.00
584,473,1.00
585,473,1.00
586,473,1.00
587,473,1.00
584,474,1.00
585,474,1.00
586,474,1.00
587,474,1.00
588,474,1.00
589,474,1.00
590,474,1.00
591,474,1.00
592,474,1.00
585,475,1.00
586,475,1.00
587,475,1.00
588,475,1.00
589,475,1.00
590,475,1.00
591,475,1.00
578,468,1.00
579,468,1.00
580,468,1.00
581,468,1.00
582,468,1.00
578,469,1.00
579,469,1.00
580,469,1.00
581,469,1.00
582,469,1.00
578,470,1.00
579,470,1.00
580,470,1.00
581,470,1.00
582,470,1.00
578,471,1.00
579,471,1.00
580,471,1.00
581,471,1.00
582,471,1.00
578,472,1.00
579,472,1.00
580,472,1.00
581,472,1.00
582,472,1.00
578,473,1.00
579,473,1.00
580,473,1.00
581,473,1.00
582,473,1.00
578,474,1.00
579,474,1.00
580,474,1.00
581,474,1.00
582,474,1.00
583,474,1.00
579,475,1.00
580,475,1.00
581,475,1.00
582,475,1.00
583,475,1.00
584,475,1.00
580,476,1.00
581,476,1.00
582,476,1.00
583,476,1.00
584,476,1.00
585,476,1.00
586,476,1.00
577,468,1.00
576,469,1.00
577,469,1.00
575,470,1.00
576,470,1.00
577,470,1.00
575,471,1.00
576,471,1.00
577,471,1.00
575,472,1.00
576,472,1.00
577,472,1.00
575,473,1.00
576,473,1.00
577,473,1.00
575,474,1.00
576,474,1.00
577,474,1.00
575,475,1.00
576,475,1.00
577,475,1.00
578,475,1.00
575,476,1.00
576,476,1.00
577,476,1.00
578,476,1.00
579,476,1.00
576,477,1.00
577,477,1.00
578,477,1.00
579,477,1.00
580,477,1.00
581,477,1.00
582,477,1.00
583,477,1.00
584,477,1.00
577,478,1.00
578,478,1.00
579,478,1.00
580,478,1.00
581,478,1.00
582,478,1.00
583,478,1.00
573,468,1.00
574,468,1.00
575,468,1.00
576,468,1.00
572,469,1.00
573,469,1.00
574,469,1.00
575,469,1.00
571,470,1.00
572,470,1.00
573,470,1.00
574,470,1.00
571,471,1.00
572,471,1.00
573,471,1.00
574,471,1.00
571,472,1.00
572,472,1.00
573,472,1.00
574,472,1.00
571,473,1.00
572,473,1.00
573,473,1.00
574,473,1.00
571,474,1.00
572,474,1.00
573,474,1.00
574,474,1.00
571,475,1.00
572,475,1.00
573,475,1.00
574,475,1.00
571,476,1.00
572,476,1.00
573,476,1.00
574,476,1.00
572,477,1.00
573,477,1.00
574,477,1.00
575,477,1.00
573,478,1.00
574,478,1.00
575,478,1.00
576,478,1.00
569,469,1.00
570,469,0.95
571,469,0.89
568,470,1.00
569,470,1.00
570,470,1.00
567,471,1.00
568,471,1.00
569,471,1.00
570,471,1.00
567,472,1.00
568,472,1.00
569,472,1.00
570,472,1.00
567,473,1.00
568,473,1.00
569,473,1.00
570,473,1.00
567,474,1.00
568,474,1.00
569,474,1.00
570,474,1.00
567,475,1.00
568,475,1.00
569,475,1.00
570,475,1.00
567,476,1.00
568,476,1.00
569,476,1.00
570,476,1.00
567,477,1.00
568,477,1.00
569,477,1.00
570,477,1.00
571,477,1.00
568,478,1.00
569,478,1.00
570,478,1.00
571,478,1.00
572,478,1.00
569,479,1.00
570,479,1.00
571,479,1.00
572,479,1.00
573,479,1.00
574,479,1.00
575,479,1.00
566,469,1.00
567,469,1.00
568,469,1.00
565,470,1.00
566,470,1.00
567,470,1.00
564,471,1.00
565,471,1.00
566,471,1.00
564,472,1.00
565,472,1.00
566,472,1.00
564,473,1.00
565,473,1.00
566,473,1.00
564,474,1.00
565,474,1.00
566,474,1.00
564,475,1.00
565,475,1.00
566,475,1.00
564,476,1.00
565,476,1.00
566,476,1.00
564,477,1.00
565,477,1.00
566,477,1.00
565,478,1.00
566,478,1.00
567,478,1.00
566,479,1.00
567,479,1.00
568,479,1.00
563,467,1.00
564,467,1.00
565,467,1.00
566,467,1.00
567,467,1.00
568,467,1.00
569,467,0.93
562,468,1.00
563,468,1.00
564,468,1.00
565,468,1.00
566,468,1.00
567,468,1.00
568,468,1.00
569,468,0.84
570,468,0.75
561,469,1.00
562,469,1.00
563,469,1.00
564,469,1.00
565,469,1.00
561,470,1.00
562,470,1.00
563,470,1.00
564,470,1.00
561,471,1.00
562,471,1.00
563,471,1.00
561,472,1.00
562,472,1.00
563,472,1.00
561,473,1.00
562,473,1.00
563,473,1.00
561,474,1.00
562,474,1.00
563,474,1.00
561,475,1.00
562,475,1.00
563,475,1.00
562,476,1.00
563,476,1.00
563,477,1.00
560,466,1.00
561,466,1.00
562,466,1.00
563,466,1.00
564,466,1.00
565,466,1.00
566,466,1.00
559,467,1.00
560,467,1.00
561,467,1.00
562,467,1.00
558,468,1.00
559,468,1.00
560,468,1.00
561,468,1.00
558,469,1.00
559,469,1.00
560,469,1.00
558,470,1.00
559,470,1.00
560,470,1.00
558,471,1.00
559,471,1.00
560,471,1.00
558,472,1.00
559,472,1.00
560,472,1.00
558,473,1.00
559,473,1.00
560,473,1.00
558,474,0.23
559,474,1.00
560,474,1.00
559,475,0.51
560,475,1.00
560,476,0.83
561,476,1.00
558,464,1.00
559,464,1.00
560,464,1.00
561,464,1.00
562,464,1.00
563,464,1.00
564,464,1.00
557,465,1.00
558,465,1.00
559,465,1.00
560,465,1.00
561,465,1.00
562,465,1.00
563,465,1.00
564,465,1.00
565,465,1.00
556,466,1.00
557,466,1.00
558,466,1.00
559,466,1.00
556,467,1.00
557,467,1.00
558,467,1.00
556,468,1.00
557,468,1.00
556,469,1.00
557,469,1.00
556,470,0.47
557,470,1.00
556,471,0.20
557,471,0.57
556,472,0.06
557,472,0.33
557,473,0.11
557,461,1.00
558,461,1.00
559,461,1.00
560,461,1.00
561,461,1.00
562,461,1.00
556,462,1.00
557,462,1.00
558,462,1.00
559,462,1.00
560,462,1.00
561,462,1.00
562,462,1.00
563,462,1.00
555,463,1.00
556,463,1.00
557,463,1.00
558,463,1.00
559,463,1.00
560,463,1.00
561,463,1.00
562,463,1.00
563,463,1.00
564,463,1.00
555,464,1.00
556,464,1.00
557,464,1.00
565,464,1.00
555,465,1.00
556,465,1.00
555,466,1.00
555,467,1.00
555,468,0.59
555,469,0.17
556,460,1.00
557,460,1.00
558,460,1.00
559,460,1.00
560,460,1.00
561,460,1.00
562,460,1.00
555,461,1.00
556,461,1.00
554,462,1.00
555,462,1.00
554,463,1.00
554,464,1.00
554,465,0.84
554,466,0.63
554,467,0.32
554,468,0.06
555,458,1.00
556,458,1.00
557,458,1.00
558,458,1.00
559,458,1.00
560,458,1.00
561,458,1.00
554,459,1.00
555,459,1.00
556,459,1.00
557,459,1.00
558,459,1.00
559,459,1.00
560,459,1.00
561,459,1.00
553,460,0.45
554,460,1.00
555,460,1.00
553,461,0.51
554,461,1.00
553,462,0.51
553,463,0.39
553,464,0.30
553,465,0.20
553,466,0.06
555,455,1.00
556,455,1.00
557,455,1.00
558,455,1.00
559,455,1.00
554,456,1.00
555,456,1.00
556,456,1.00
557,456,1.00
558,456,1.00
559,456,1.00
553,457,0.89
554,457,1.00
555,457,1.00
556,457,1.00
557,457,1.00
558,457,1.00
559,457,1.00
560,457,1.00
553,458,0.77
554,458,1.00
553,459,0.56
556,452,1.00
557,452,1.00
558,452,1.00
555,453,1.00
556,453,1.00
557,453,1.00
558,453,1.00
554,454,1.00
555,454,1.00
556,454,1.00
557,454,1.00
558,454,1.00
559,454,1.00
554,455,1.00
558,448,1.00
557,449,1.00
558,449,1.00
556,450,1.00
557,450,1.00
558,450,1.00
556,451,1.00
557,451,1.00
558,451,1.00
570,443,1.00
571,443,1.00
570,444,1.00
571,444,1.00
572,444,1.00
570,445,1.00
571,445,1.00
572,445,1.00
573,445,1.00
570,446,1.00
571,446,1.00
572,446,1.00
573,446,1.00
570,447,1.00
571,447,1.00
572,447,1.00
573,447,1.00
570,448,1.00
571,448,1.00
572,448,1.00
573,448,1.00
570,449,1.00
571,449,1.00
572,449,1.00
573,449,1.00
571,450,1.00
572,450,1.00
573,450,1.00
571,451,0.89
572,451,0.67
573,451,0.41
572,452,0.11
569,441,1.00
570,441,1.00
571,441,1.00
572,441,1.00
573,441,1.00
574,441,1.00
575,441,1.00
569,442,1.00
570,442,1.00
571,442,1.00
572,442,1.00
573,442,1.00
574,442,1.00
575,442,1.00
576,442,1.00
572,443,1.00
573,443,1.00
574,443,1.00
575,443,1.00
576,443,1.00
577,443,1.00
573,444,1.00
574,444,1.00
575,444,1.00
576,444,1.00
577,444,1.00
574,445,1.00
575,445,1.00
576,445,1.00
577,445,1.00
574,446,1.00
575,446,1.00
576,446,1.00
577,446,1.00
574,447,1.00
575,447,1.00
576,447,1.00
577,447,1.00
574,448,1.00
575,448,1.00
576,448,1.00
577,448,1.00
574,449,1.00
575,449,1.00
576,449,1.00
577,449,1.00
574,450,1.00
575,450,0.96
576,450,0.78
574,451,0.41
575,451,0.36
576,441,1.00
577,441,1.00
578,441,1.00
579,441,1.00
577,442,1.00
578,442,1.00
579,442,1.00
580,442,1.00
578,443,1.00
579,443,1.00
580,443,1.00
581,443,1.00
578,444,1.00
579,444,1.00
580,444,1.00
581,444,1.00
578,445,1.00
579,445,1.00
580,445,1.00
581,445,1.00
578,446,1.00
579,446,1.00
580,446,1.00
581,446,1.00
578,447,1.00
579,447,1.00
580,447,1.00
581,447,1.00
578,448,1.00
579,448,1.00
580,448,1.00
581,448,1.00
578,449,1.00
579,449,1.00
580,449,1.00
581,449,1.00
577,450,0.74
578,450,0.84
579,450,0.84
580,450,0.74
576,451,0.33
577,451,0.30
578,451,0.26
579,451,0.26
580,441,1.00
581,441,1.00
582,441,1.00
583,441,1.00
584,441,1.00
581,442,1.00
582,442,1.00
583,442,1.00
584,442,1.00
585,442,1.00
582,443,1.00
583,443,1.00
584,443,1.00
585,443,1.00
586,443,1.00
582,444,1.00
583,444,1.00
584,444,1.00
585,444,1.00
586,444,1.00
582,445,1.00
583,445,1.00
584,445,1.00
585,445,1.00
586,445,1.00
582,446,1.00
583,446,1.00
584,446,1.00
585,446,1.00
586,446,1.00
582,447,1.00
583,447,1.00
584,447,1.00
585,447,1.00
586,447,1.00
582,448,1.00
583,448,1.00
584,448,1.00
585,448,1.00
586,448,1.00
582,449,1.00
583,449,1.00
584,449,1.00
585,449,1.00
586,449,1.00
581,450,0.78
582,450,0.96
583,450,1.00
584,450,1.00
585,450,1.00
580,451,0.30
581,451,0.33
582,451,0.36
583,451,1.00
584,451,1.00
585,441,1.00
586,441,1.00
587,441,1.00
588,441,1.00
586,442,1.00
587,442,1.00
588,442,1.00
589,442,1.00
587,443,1.00
588,443,1.00
589,443,1.00
590,443,1.00
587,444,1.00
588,444,1.00
589,444,1.00
590,444,1.00
587,445,1.00
588,445,1.00
589,445,1.00
590,445,1.00
587,446,1.00
588,446,1.00
589,446,1.00
590,446,1.00
587,447,1.00
588,447,1.00
589,447,1.00
590,447,1.00
587,448,1.00
588,448,1.00
589,448,1.00
590,448,1.00
587,449,1.00
588,449,1.00
589,449,1.00
590,449,1.00
586,450,1.00
587,450,1.00
588,450,1.00
589,450,1.00
585,451,1.00
586,451,1.00
587,451,1.00
588,451,1.00
589,441,0.56
590,441,0.56
591,441,0.74
590,442,1.00
591,442,0.96
591,443,1.00
592,443,1.00
591,444,1.00
592,444,1.00
593,444,1.00
591,445,1.00
592,445,1.00
593,445,1.00
591,446,1.00
592,446,1.00
593,446,1.00
591,447,1.00
592,447,1.00
593,447,1.00
591,448,1.00
592,448,1.00
593,448,1.00
591,449,1.00
592,449,1.00
593,449,1.00
590,450,1.00
591,450,1.00
592,450,1.00
589,451,1.00
590,451,1.00
591,451,1.00
594,446,1.00
594,447,1.00
595,447,1.00
594,448,1.00
595,448,1.00
594,449,1.00
595,449,1.00
593,450,1.00
594,450,1.00
595,450,1.00
596,450,1.00
592,451,1.00
593,451,1.00
594,451,1.00
595,451,1.00
596,451,1.00
587,452,1.00
588,452,1.00
589,452,1.00
590,452,1.00
591,452,1.00
592,452,1.00
593,452,1.00
594,452,1.00
595,452,1.00
588,453,1.00
589,453,1.00
590,453,1.00
591,453,1.00
592,453,1.00
593,453,1.00
594,453,1.00
596,452,1.00
597,452,1.00
595,453,1.00
596,453,1.00
597,453,1.00
590,454,1.00
591,454,1.00
592,454,1.00
593,454,1.00
594,454,1.00
595,454,1.00
596,454,1.00
591,455,1.00
592,455,1.00
593,455,1.00
594,455,1.00
595,455,1.00
596,455,1.00
590,455,1.00
591,456,1.00
592,456,1.00
593,456,1.00
594,456,1.00
595,456,1.00
601,468,1.00
602,468,1.00
603,468,1.00
604,468,1.00
599,469,1.00
600,469,1.00
601,469,1.00
602,469,1.00
603,469,1.00
605,468,1.00
604,469,1.00
598,470,1.00
599,470,1.00
600,470,1.00
601,470,1.00
602,470,1.00
603,470,1.00
605,469,1.00
604,470,1.00
597,471,1.00
598,471,1.00
599,471,1.00
600,471,1.00
601,471,1.00
602,471,1.00
603,471,1.00
596,472,1.00
597,472,1.00
598,472,1.00
599,472,1.00
600,472,1.00
601,472,1.00
602,472,1.00
595,473,1.00
596,473,1.00
597,473,1.00
598,473,1.00
599,473,1.00
600,473,1.00
569,466,1.00
570,467,1.00
571,467,1.00
572,467,1.00
571,468,0.79
572,468,0.85
566,465,1.00
567,465,1.00
568,465,1.00
567,466,1.00
568,466,1.00
570,438,1.00
570,439,1.00
571,439,1.00
570,440,1.00
571,440,1.00
572,440,1.00
572,437,1.00
571,438,1.00
572,438,1.00
573,438,1.00
572,439,1.00
573,439,1.00
574,439,1.00
573,440,1.00
574,440,1.00
573,436,1.00
573,437,1.00
574,437,1.00
574,438,1.00
575,438,1.00
575,439,1.00
575,440,1.00
575,435,0.45
574,436,1.00
575,436,1.00
576,436,1.00
575,437,1.00
576,437,1.00
577,437,1.00
576,438,1.00
577,438,1.00
576,439,1.00
577,439,1.00
576,440,1.00
577,440,1.00
576,435,0.51
577,435,0.51
578,435,0.39
577,436,1.00
578,436,1.00
579,436,0.80
578,437,1.00
579,437,1.00
580,437,1.00
578,438,1.00
579,438,1.00
580,438,1.00
578,439,1.00
579,439,1.00
580,439,1.00
578,440,1.00
579,440,1.00
580,440,1.00
579,435,0.30
580,435,0.20
581,435,0.06
580,436,0.71
581,436,0.63
582,436,0.45
581,437,1.00
582,437,1.00
583,437,0.68
581,438,1.00
582,438,1.00
583,438,1.00
581,439,1.00
582,439,1.00
583,439,1.00
581,440,1.00
582,440,1.00
583,440,1.00
583,436,0.30
584,436,0.26
585,436,0.45
584,437,0.51
585,437,0.45
586,437,0.45
584,438,0.80
585,438,0.59
586,438,0.39
587,438,0.26
584,439,1.00
585,439,1.00
586,439,0.71
587,439,0.26
584,440,1.00
585,440,1.00
586,440,1.00
587,440,0.63
588,440,0.11
584,452,1.00
585,452,1.00
586,452,1.00
585,453,1.00
586,453,1.00
587,453,1.00
583,452,1.00
583,453,1.00
584,453,1.00
584,454,1.00
585,454,1.00
586,454,1.00
587,454,1.00
588,454,1.00
589,454,1.00
585,455,1.00
586,455,1.00
587,455,1.00
588,455,1.00
589,455,1.00
583,454,1.00
583,455,1.00
584,455,1.00
584,456,1.00
585,456,1.00
586,456,1.00
587,456,1.00
588,456,1.00
589,456,1.00
590,456,1.00
583,456,1.00
582,452,0.11
581,453,0.11
582,453,0.54
581,454,0.84
582,454,1.00
581,455,1.00
582,455,1.00
581,456,1.00
582,456,1.00
580,454,0.32
579,455,0.69
580,455,1.00
579,456,1.00
580,456,1.00
579,454,0.06
578,455,0.45
576,455,0.20
577,455,0.30
555,451,1.00
555,452,1.00
557,448,1.00
556,449,1.00
555,450,1.00
556,447,1.00
557,447,1.00
555,448,1.00
556,448,1.00
554,449,1.00
555,449,1.00
554,450,1.00
554,451,1.00
554,452,1.00
554,453,1.00
555,447,1.00
554,448,1.00
553,449,1.00
553,450,1.00
553,451,1.00
553,452,1.00
553,453,1.00
553,454,1.00
553,455,1.00
555,445,1.00
556,445,1.00
557,445,1.00
554,446,1.00
555,446,1.00
556,446,1.00
557,446,1.00
553,447,1.00
554,447,1.00
553,448,1.00
554,444,1.00
555,444,1.00
556,444,1.00
557,444,1.00
553,445,1.00
554,445,1.00
552,446,1.00
553,446,1.00
552,447,1.00
552,448,1.00
552,449,1.00
552,450,1.00
552,451,1.00
552,452,1.00
554,443,1.00
555,443,1.00
556,443,1.00
557,443,1.00
553,444,1.00
552,445,1.00
554,441,1.00
555,441,1.00
556,441,1.00
557,441,1.00
553,442,1.00
554,442,1.00
555,442,1.00
556,442,1.00
557,442,1.00
552,443,1.00
553,443,1.00
552,444,1.00
554,440,1.00
555,440,1.00
556,440,1.00
557,440,1.00
553,441,1.00
552,442,1.00
554,439,1.00
555,439,1.00
556,439,1.00
557,439,1.00
553,440,1.00
552,441,1.00
554,438,1.00
555,438,1.00
556,438,1.00
557,438,1.00
553,439,1.00
552,440,1.00
554,437,1.00
555,437,1.00
556,437,1.00
557,437,1.00
553,438,1.00
552,439,1.00
554,436,1.00
555,436,1.00
556,436,1.00
557,436,1.00
558,436,1.00
553,437,1.00
552,438,1.00
554,435,1.00
555,435,1.00
556,435,1.00
557,435,1.00
558,435,1.00
553,436,1.00
552,437,1.00
554,434,1.00
555,434,1.00
556,434,1.00
557,434,1.00
558,434,1.00
553,435,1.00
552,436,1.00
554,432,1.00
555,432,1.00
556,432,1.00
557,432,1.00
558,432,1.00
559,432,1.00
553,433,1.00
554,433,1.00
555,433,1.00
556,433,1.00
557,433,1.00
558,433,1.00
559,433,1.00
552,434,1.00
553,434,1.00
552,435,1.00
554,430,1.00
555,430,1.00
556,430,1.00
557,430,1.00
558,430,1.00
559,430,1.00
560,430,1.00
553,431,1.00
554,431,1.00
555,431,1.00
556,431,1.00
557,431,1.00
558,431,1.00
559,431,1.00
552,432,1.00
553,432,1.00
552,433,1.00
554,429,1.00
555,429,1.00
556,429,1.00
557,429,1.00
558,429,1.00
559,429,1.00
560,429,1.00
553,430,1.00
552,431,1.00
554,428,1.00
555,428,1.00
556,428,1.00
557,428,1.00
558,428,1.00
559,428,1.00
560,428,1.00
553,429,1.00
561,429,1.00
552,430,1.00
554,427,1.00
555,427,1.00
556,427,1.00
557,427,1.00
558,427,1.00
559,427,1.00
560,427,1.00
553,428,1.00
561,428,1.00
552,429,1.00
561,427,1.00
562,428,1.00
562,427,1.00
563,428,1.00
556,426,1.00
557,426,1.00
558,426,0.36
559,426,0.77
560,426,1.00
561,426,1.00
562,426,1.00
563,427,1.00
563,426,1.00
564,426,1.00
564,427,1.00
560,425,0.11
561,425,0.41
562,425,0.60
563,425,0.72
564,425,0.92
565,425,1.00
566,425,1.00
565,426,1.00
566,426,1.00
567,425,1.00
565,424,0.06
566,424,0.20
567,424,0.36
568,424,0.54
569,424,0.66
570,424,0.74
571,424,0.66
584,435,0.32
585,435,0.84
586,436,0.79
587,436,1.00
587,437,0.57
588,437,0.96
588,438,0.41
589,439,0.11
590,440,0.45
609,449,0.28
609,450,1.00
609,451,1.00
609,452,1.00
609,453,1.00
609,454,1.00
609,455,1.00
610,450,0.29
610,451,1.00
610,452,1.00
610,453,1.00
610,454,1.00
610,455,1.00
609,456,1.00
610,456,1.00
609,457,1.00
611,451,0.11
611,452,0.52
611,453,1.00
611,454,1.00
611,455,1.00
611,456,1.00
610,457,1.00
611,457,1.00
609,458,1.00
610,458,1.00
611,458,0.95
610,459,1.00
611,459,0.56
610,460,1.00
611,460,0.26
610,461,0.99
611,461,0.06
610,462,0.47
610,463,0.20
610,464,0.06
608,467,0.26
606,468,1.00
607,468,0.71
606,469,1.00
608,468,0.06
607,469,0.17
605,470,1.00
606,470,0.43
604,471,1.00
605,471,0.71
603,472,1.00
604,472,0.93
606,471,0.06
605,472,0.17
601,473,1.00
602,473,1.00
603,473,1.00
604,473,0.23
597,474,1.00
598,474,1.00
599,474,1.00
600,474,1.00
601,474,1.00
602,474,1.00
603,474,0.23
595,474,1.00
596,474,1.00
596,475,1.00
597,475,1.00
598,475,1.00
599,475,1.00
600,475,1.00
601,475,0.87
602,475,0.23
593,474,1.00
594,474,1.00
594,475,1.00
595,475,1.00
595,476,1.00
596,476,1.00
597,476,1.00
598,476,1.00
599,476,1.00
600,476,0.59
601,476,0.17
592,475,1.00
593,475,1.00
593,476,1.00
594,476,1.00
594,477,1.00
595,477,1.00
596,477,1.00
597,477,1.00
598,477,1.00
599,477,0.52
600,477,0.06
590,476,1.00
591,476,1.00
592,476,1.00
591,477,1.00
592,477,1.00
593,477,1.00
592,478,1.00
593,478,1.00
594,478,1.00
595,478,1.00
596,478,1.00
597,478,1.00
598,478,0.59
589,476,1.00
589,477,1.00
590,477,1.00
589,478,1.00
590,478,1.00
591,478,1.00
599,478,0.06
590,479,1.00
591,479,1.00
592,479,1.00
593,479,1.00
594,479,1.00
595,479,1.00
596,479,1.00
597,479,0.87
598,479,0.17
591,480,1.00
592,480,1.00
593,480,1.00
594,480,1.00
595,480,1.00
596,480,0.87
597,480,0.23
588,476,1.00
588,477,1.00
588,478,1.00
588,479,1.00
589,479,1.00
589,480,1.00
590,480,1.00
590,481,1.00
591,481,1.00
592,481,1.00
593,481,1.00
594,481,0.92
595,481,0.54
596,481,0.17
587,476,1.00
587,477,1.00
587,478,1.00
587,479,1.00
587,480,1.00
588,480,1.00
588,481,1.00
589,481,1.00
589,482,1.00
590,482,1.00
591,482,1.00
592,482,0.77
593,482,0.36
594,482,0.20
595,482,0.06
585,477,1.00
586,477,1.00
585,478,1.00
586,478,1.00
585,479,1.00
586,479,1.00
585,480,1.00
586,480,1.00
586,481,1.00
587,481,1.00
587,482,1.00
588,482,1.00
584,478,1.00
584,479,1.00
584,480,1.00
585,481,1.00
586,482,1.00
583,479,1.00
583,480,1.00
583,481,1.00
584,481,1.00
584,482,1.00
585,482,1.00
585,483,1.00
586,483,1.00
587,483,1.00
588,483,1.00
589,483,1.00
590,483,0.65
591,483,0.17
582,479,1.00
582,480,1.00
582,481,1.00
582,482,1.00
583,482,1.00
583,483,1.00
584,483,1.00
584,484,1.00
585,484,0.98
586,484,0.84
587,484,0.69
588,484,0.51
589,484,0.26
590,484,0.06
581,479,1.00
581,480,1.00
581,481,1.00
581,482,1.00
582,483,1.00
583,484,1.00
579,479,1.00
580,479,1.00
579,480,1.00
580,480,1.00
579,481,1.00
580,481,1.00
579,482,1.00
580,482,1.00
580,483,1.00
581,483,1.00
581,484,1.00
582,484,1.00
577,479,1.00
578,479,1.00
577,480,1.00
578,480,1.00
577,481,1.00
578,481,1.00
577,482,1.00
578,482,1.00
578,483,1.00
579,483,1.00
579,484,1.00
580,484,1.00
576,479,1.00
576,480,1.00
576,481,1.00
576,482,1.00
576,483,1.00
577,483,1.00
577,484,1.00
578,484,1.00
578,485,0.95
579,485,0.89
580,485,0.81
581,485,0.59
582,485,0.36
583,485,0.20
584,485,0.06
574,480,1.00
575,480,1.00
574,481,1.00
575,481,1.00
574,482,1.00
575,482,1.00
574,483,1.00
575,483,1.00
575,484,1.00
576,484,1.00
576,485,0.89
577,485,1.00
573,480,1.00
573,481,1.00
573,482,1.00
573,483,1.00
574,484,1.00
575,485,0.69
571,480,1.00
572,480,1.00
571,481,1.00
572,481,1.00
571,482,1.00
572,482,1.00
571,483,1.00
572,483,1.00
572,484,0.75
573,484,1.00
573,485,0.26
574,485,0.51
570,480,1.00
570,481,1.00
570,482,1.00
570,483,1.00
571,484,0.32
572,485,0.06
568,480,1.00
569,480,1.00
568,481,1.00
569,481,1.00
568,482,1.00
569,482,1.00
569,483,0.62
570,484,0.06
566,480,1.00
567,480,1.00
566,481,1.00
567,481,1.00
567,482,0.95
568,483,0.26
565,479,1.00
565,480,1.00
565,481,0.71
566,482,0.38
567,483,0.06
564,478,1.00
564,479,1.00
564,480,0.93
563,478,1.00
563,479,1.00
563,480,0.23
564,481,0.17
565,482,0.06
562,477,1.00
562,478,0.98
562,479,0.23
561,477,0.94
561,478,0.17
560,477,0.06
553,456,1.00
552,453,0.86
552,454,0.47
552,455,0.11
551,445,1.00
551,446,1.00
551,447,1.00
551,448,1.00
551,449,0.95
551,450,0.38
551,451,0.06
551,444,1.00
551,442,1.00
550,443,1.00
551,443,1.00
550,444,1.00
550,445,1.00
550,446,0.75
550,447,0.51
550,448,0.26
550,449,0.06
551,441,1.00
550,442,1.00
551,437,1.00
550,438,1.00
551,438,1.00
549,439,1.00
550,439,1.00
551,439,1.00
549,440,1.00
550,440,1.00
551,440,1.00
549,441,1.00
550,441,1.00
549,442,1.00
549,443,1.00
549,444,0.37
549,445,0.06
551,435,1.00
550,436,1.00
551,436,1.00
549,437,1.00
550,437,1.00
549,438,1.00
550,432,1.00
551,432,1.00
549,433,1.00
550,433,1.00
551,433,1.00
548,434,1.00
549,434,1.00
550,434,1.00
551,434,1.00
548,435,1.00
549,435,1.00
550,435,1.00
548,436,1.00
549,436,1.00
548,437,0.75
548,438,0.51
548,439,0.26
548,440,0.06
550,429,1.00
551,429,1.00
549,430,1.00
550,430,1.00
551,430,1.00
548,431,1.00
549,431,1.00
550,431,1.00
551,431,1.00
548,432,1.00
549,432,1.00
548,433,1.00
550,426,1.00
551,426,1.00
552,426,1.00
553,426,1.00
554,426,1.00
555,426,1.00
549,427,1.00
550,427,1.00
551,427,1.00
552,427,1.00
553,427,1.00
548,428,1.00
549,428,1.00
550,428,1.00
551,428,1.00
552,428,1.00
548,429,1.00
549,429,1.00
548,430,1.00
549,424,1.00
550,424,1.00
551,424,1.00
552,424,1.00
553,424,1.00
554,424,1.00
555,424,1.00
548,425,1.00
549,425,1.00
550,425,1.00
551,425,1.00
552,425,1.00
553,425,1.00
554,425,1.00
555,425,1.00
556,425,1.00
547,426,1.00
548,426,1.00
549,426,1.00
547,427,1.00
548,427,1.00
547,428,1.00
547,429,1.00
547,430,1.00
547,431,0.94
547,432,0.36
549,422,1.00
550,422,1.00
551,422,1.00
552,422,1.00
553,422,1.00
554,422,1.00
555,422,0.79
548,423,1.00
549,423,1.00
550,423,1.00
551,423,1.00
552,423,1.00
553,423,1.00
554,423,1.00
555,423,1.00
556,423,0.90
547,424,1.00
548,424,1.00
556,424,1.00
557,424,0.43
547,425,1.00
557,425,1.00
549,421,0.47
550,421,0.81
551,421,0.97
552,421,0.93
553,421,0.71
554,421,0.32
555,421,0.06
548,422,0.95
556,422,0.11
547,423,1.00
557,423,0.06
548,421,0.11
547,422,0.23
546,423,0.11
546,424,0.58
546,425,1.00
546,426,1.00
546,427,1.00
546,428,1.00
546,429,0.73
546,430,0.17
547,433,0.20
547,434,0.06

