498,549,1.00
499,549,1.00
500,549,1.00
501,549,1.00
502,549,0.90
498,550,1.00
499,550,1.00
500,550,1.00
501,550,1.00
502,550,0.90
498,551,1.00
499,551,1.00
500,551,1.00
501,551,1.00
502,551,0.90
498,552,1.00
499,552,1.00
500,552,1.00
501,552,1.00
502,552,0.90
498,553,1.00
499,553,1.00
500,553,1.00
501,553,1.00
502,553,0.90
497,549,0.90
497,550,1.00
497,551,1.00
497,552,1.00
497,553,0.90
495,549,0.60
496,549,0.60
495,550,1.00
496,550,1.00
495,551,1.00
496,551,1.00
495,552,1.00
496,552,1.00
495,553,0.60
496,553,0.60
493,549,0.30
494,549,0.30
493,550,0.60
494,550,1.00
493,551,1.00
494,551,1.00
493,552,1.00
494,552,1.00
493,553,1.00
494,553,0.60
490,550,0.30
491,550,0.30
492,550,0.30
490,551,0.30
491,551,0.71
492,551,1.00
490,552,0.30
491,552,1.00
492,552,1.00
490,553,0.60
491,553,0.71
492,553,1.00
490,554,0.60
491,554,0.30
492,554,0.30
493,554,0.30
494,554,0.30
486,553,0.30
487,553,0.30
488,553,0.30
489,553,0.30
486,554,0.60
487,554,0.71
488,554,1.00
489,554,0.71
486,555,0.60
487,555,1.00
488,555,1.00
489,555,1.00
490,555,0.30
486,556,0.60
487,556,0.71
488,556,1.00
489,556,0.71
490,556,0.30
486,557,0.60
487,557,0.30
488,557,0.30
489,557,0.30
490,557,0.30
482,554,0.30
483,554,0.30
484,554,0.30
485,554,0.30
482,555,0.30
483,555,0.71
484,555,1.00
485,555,0.71
482,556,0.30
483,556,1.00
484,556,1.00
485,556,1.00
482,557,0.60
483,557,1.00
484,557,1.00
485,557,0.71
482,558,1.00
483,558,0.60
484,558,0.30
485,558,0.30
486,558,0.30
479,557,0.30
480,557,0.30
481,557,0.30
479,558,0.30
480,558,0.71
481,558,1.00
479,559,0.60
480,559,1.00
481,559,1.00
482,559,1.00
483,559,0.30
479,560,0.60
480,560,0.71
481,560,1.00
482,560,0.71
483,560,0.30
479,561,0.60
480,561,0.30
481,561,0.30
482,561,0.30
483,561,0.30
475,559,0.30
476,559,0.30
477,559,0.30
478,559,0.30
475,560,0.30
476,560,0.71
477,560,1.00
478,560,0.71
475,561,0.30
476,561,1.00
477,561,1.00
478,561,1.00
475,562,0.30
476,562,0.71
477,562,1.00
478,562,0.71
479,562,0.30
475,563,0.30
476,563,0.30
477,563,0.30
478,563,0.30
479,563,0.30
470,562,0.30
471,562,0.30
472,562,0.30
473,562,0.30
474,562,0.30
470,563,0.30
471,563,0.71
472,563,1.00
473,563,0.71
474,563,0.30
470,564,0.30
471,564,1.00
472,564,1.00
473,564,1.00
474,564,0.30
470,565,0.60
471,565,1.00
472,565,1.00
473,565,0.71
474,565,0.30
470,566,1.00
471,566,0.60
472,566,0.30
473,566,0.30
474,566,0.30
467,565,0.30
468,565,0.30
469,565,0.30
467,566,0.30
468,566,0.71
469,566,1.00
467,567,0.60
468,567,1.00
469,567,1.00
470,567,1.00
471,567,0.30
467,568,1.00
468,568,1.00
469,568,1.00
470,568,0.71
471,568,0.30
467,569,1.00
468,569,0.60
469,569,0.30
470,569,0.30
471,569,0.30
464,567,0.30
465,567,0.30
466,567,0.30
464,568,0.30
465,568,0.71
466,568,1.00
464,569,0.30
465,569,1.00
466,569,1.00
464,570,0.60
465,570,1.00
466,570,1.00
467,570,0.71
468,570,0.30
464,571,1.00
465,571,0.60
466,571,0.30
467,571,0.30
468,571,0.30
461,570,0.30
462,570,0.30
463,570,0.30
461,571,0.30
462,571,0.71
463,571,1.00
461,572,0.60
462,572,1.00
463,572,1.00
464,572,1.00
465,572,0.30
461,573,1.00
462,573,1.00
463,573,1.00
464,573,0.71
465,573,0.30
461,574,1.00
462,574,0.60
463,574,0.30
464,574,0.30
465,574,0.30
458,572,0.30
459,572,0.30
460,572,0.30
458,573,0.30
459,573,0.71
460,573,1.00
458,574,0.30
459,574,1.00
460,574,1.00
458,575,0.60
459,575,1.00
460,575,1.00
461,575,1.00
462,575,0.30
458,576,1.00
459,576,1.00
460,576,1.00
461,576,0.60
462,576,0.30
457,575,0.30
457,576,0.30
457,577,0.60
458,577,1.00
459,577,1.00
460,577,1.00
461,577,0.30
457,578,1.00
458,578,1.00
459,578,1.00
460,578,0.71
461,578,0.30
457,579,1.00
458,579,0.60
459,579,0.30
460,579,0.30
461,579,0.30
454,577,0.30
455,577,0.30
456,577,0.30
454,578,0.30
455,578,0.71
456,578,1.00
454,579,0.30
455,579,1.00
456,579,1.00
454,580,0.60
455,580,1.00
456,580,1.00
457,580,0.71
458,580,0.30
454,581,1.00
455,581,1.00
456,581,0.60
457,581,0.30
458,581,0.30
452,580,0.30
453,580,0.30
452,581,0.60
453,581,1.00
452,582,1.00
453,582,1.00
454,582,1.00
455,582,1.00
456,582,0.30
452,583,1.00
453,583,1.00
454,583,1.00
455,583,1.00
456,583,0.30
452,584,1.00
453,584,1.00
454,584,1.00
455,584,0.60
456,584,0.30
451,581,0.30
451,582,0.30
451,583,0.30
451,584,0.60
451,585,1.00
452,585,1.00
453,585,1.00
454,585,0.90
455,585,0.30
450,584,0.30
450,585,0.60
450,586,0.90
451,586,1.00
452,586,1.00
453,586,1.00
454,586,0.60
450,587,1.00
451,587,1.00
452,587,1.00
453,587,1.00
454,587,0.60
450,588,1.00
451,588,1.00
452,588,1.00
453,588,1.00
454,588,0.60
450,589,1.00
451,589,1.00
452,589,1.00
453,589,1.00
454,589,0.30
449,586,0.30
449,587,0.30
449,588,0.60
449,589,0.90
449,590,1.00
450,590,1.00
451,590,1.00
452,590,1.00
453,590,1.00
449,591,0.90
450,591,1.00
451,591,1.00
452,591,1.00
453,591,0.90
449,592,1.00
450,592,1.00
451,592,1.00
452,592,1.00
453,592,1.00
449,593,0.90
450,593,1.00
451,593,1.00
452,593,1.00
453,593,1.00
449,594,0.60
450,594,1.00
451,594,1.00
452,594,1.00
453,594,1.00
449,595,0.30
450,595,1.00
451,595,1.00
452,595,1.00
453,595,1.00
449,596,0.30
450,596,0.60
451,596,1.00
452,596,1.00
453,596,1.00
454,593,0.30
454,594,0.60
454,595,1.00
454,596,1.00
450,597,0.30
451,597,0.30
452,597,0.60
453,597,1.00
454,597,1.00
455,594,0.30
456,594,0.30
455,595,1.00
456,595,0.60
455,596,1.00
456,596,1.00
455,597,1.00
456,597,1.00
452,598,0.30
453,598,0.30
454,598,0.30
455,598,0.60
456,598,1.00
457,595,0.30
458,595,0.30
459,595,0.30
457,596,1.00
458,596,0.71
459,596,0.60
457,597,1.00
458,597,1.00
459,597,0.60
457,598,1.00
458,598,0.71
459,598,0.60
455,599,0.30
456,599,0.30
457,599,0.30
458,599,0.30
459,599,0.60
460,596,0.30
461,596,0.30
462,596,0.30
463,596,0.30
460,597,0.71
461,597,1.00
462,597,0.71
463,597,0.30
460,598,1.00
461,598,1.00
462,598,1.00
463,598,0.30
460,599,0.71
461,599,1.00
462,599,0.71
463,599,0.30
459,600,0.30
460,600,0.30
461,600,0.30
462,600,0.30
463,600,0.30
464,597,0.30
465,597,0.30
466,597,0.30
467,597,0.30
468,597,0.30
464,598,0.30
465,598,0.71
466,598,1.00
467,598,0.71
468,598,0.30
464,599,0.30
465,599,1.00
466,599,1.00
467,599,1.00
468,599,0.30
464,600,0.30
465,600,0.71
466,600,1.00
467,600,0.71
468,600,0.30
464,601,0.30
465,601,0.30
466,601,0.30
467,601,0.30
468,601,0.30
470,597,0.30
471,597,0.30
472,597,0.30
473,597,0.30
474,597,0.30
470,598,0.30
471,598,0.71
472,598,1.00
473,598,0.71
474,598,0.30
470,599,0.30
471,599,1.00
472,599,1.00
473,599,1.00
474,599,0.30
470,600,0.30
471,600,0.71
472,600,1.00
473,600,0.71
474,600,0.30
470,601,0.30
471,601,0.30
472,601,0.30
473,601,0.30
474,601,0.30
475,597,0.30
476,597,0.30
477,597,0.30
478,597,0.30
479,597,0.30
475,598,0.30
476,598,0.71
477,598,1.00
478,598,0.71
479,598,0.30
475,599,0.30
476,599,1.00
477,599,1.00
478,599,1.00
479,599,0.30
475,600,0.30
476,600,0.71
477,600,1.00
478,600,0.71
479,600,0.30
475,601,0.30
476,601,0.30
477,601,0.30
478,601,0.30
479,601,0.30
481,597,0.30
482,597,0.30
483,597,0.30
484,597,0.30
485,597,0.30
481,598,0.30
482,598,0.71
483,598,1.00
484,598,0.71
485,598,0.30
481,599,0.30
482,599,1.00
483,599,1.00
484,599,1.00
485,599,0.30
481,600,0.30
482,600,0.71
483,600,1.00
484,600,0.71
485,600,0.30
481,601,0.30
482,601,0.30
483,601,0.30
484,601,0.30
485,601,0.30
486,596,0.30
487,596,0.30
488,596,0.30
489,596,0.30
490,596,0.30
486,597,0.30
487,597,0.71
488,597,1.00
489,597,0.71
490,597,0.30
486,598,0.30
487,598,1.00
488,598,1.00
489,598,1.00
490,598,0.30
486,599,0.30
487,599,0.71
488,599,1.00
489,599,0.71
490,599,0.30
486,600,0.30
487,600,0.30
488,600,0.30
489,600,0.30
490,600,0.30
492,595,0.30
493,595,0.30
494,595,0.30
495,595,0.30
496,595,0.30
492,596,0.30
493,596,0.71
494,596,1.00
495,596,0.71
496,596,0.30
492,597,0.30
493,597,1.00
494,597,1.00
495,597,1.00
496,597,0.30
492,598,0.30
493,598,0.71
494,598,1.00
495,598,0.71
496,598,0.30
492,599,0.30
493,599,0.30
494,599,0.30
495,599,0.30
496,599,0.30
497,594,0.30
498,594,0.30
499,594,0.30
500,594,0.30
501,594,0.60
497,595,0.30
498,595,0.71
499,595,1.00
500,595,0.71
501,595,0.60
497,596,0.30
498,596,1.00
499,596,1.00
500,596,1.00
501,596,0.60
497,597,0.30
498,597,0.71
499,597,1.00
500,597,0.71
501,597,0.60
497,598,0.30
498,598,0.30
499,598,0.30
500,598,0.30
501,598,0.60
502,594,0.30
503,594,0.30
504,594,0.60
505,594,0.60
502,595,0.71
503,595,1.00
504,595,1.00
505,595,1.00
502,596,1.00
503,596,1.00
504,596,1.00
505,596,1.00
502,597,0.71
503,597,1.00
504,597,1.00
505,597,1.00
502,598,0.30
503,598,0.30
504,598,0.60
505,598,0.60
506,594,0.30
507,594,0.60
508,594,0.60
506,595,1.00
507,595,1.00
508,595,1.00
506,596,1.00
507,596,1.00
508,596,1.00
506,597,1.00
507,597,1.00
508,597,1.00
506,598,0.30
507,598,0.60
508,598,0.60
509,594,0.30
510,594,0.30
511,594,0.60
509,595,1.00
510,595,0.71
511,595,0.60
509,596,1.00
510,596,1.00
511,596,0.60
509,597,1.00
510,597,0.71
511,597,0.60
509,598,0.30
510,598,0.30
511,598,0.60
512,594,0.30
513,594,0.30
514,594,0.30
515,594,0.60
512,595,0.71
513,595,1.00
514,595,0.71
515,595,0.60
512,596,1.00
513,596,1.00
514,596,1.00
515,596,0.60
512,597,0.71
513,597,1.00
514,597,0.71
515,597,0.60
512,598,0.30
513,598,0.30
514,598,0.30
515,598,0.60
516,594,0.30
517,594,0.60
518,594,0.60
519,594,0.60
516,595,0.71
517,595,1.00
518,595,1.00
519,595,1.00
516,596,1.00
517,596,1.00
518,596,1.00
519,596,1.00
516,597,0.71
517,597,1.00
518,597,1.00
519,597,1.00
516,598,0.30
517,598,0.60
518,598,0.60
519,598,0.60
520,594,0.30
521,594,0.30
520,595,1.00
521,595,0.60
520,596,1.00
521,596,1.00
520,597,1.00
521,597,1.00
520,598,0.60
521,598,1.00
522,595,0.30
523,595,0.30
524,595,0.30
522,596,1.00
523,596,0.71
524,596,0.60
522,597,1.00
523,597,1.00
524,597,0.60
522,598,1.00
523,598,0.71
524,598,0.60
520,599,0.30
521,599,0.30
522,599,0.30
523,599,0.30
524,599,0.60
525,596,0.30
526,596,0.30
527,596,0.30
528,596,0.30
525,597,0.71
526,597,1.00
527,597,1.00
528,597,0.60
525,598,1.00
526,598,1.00
527,598,1.00
528,598,1.00
525,599,0.71
526,599,1.00
527,599,1.00
528,599,1.00
524,600,0.30
525,600,0.30
526,600,0.60
527,600,1.00
528,600,1.00
529,597,0.30
530,597,0.30
529,598,0.71
530,598,0.30
529,599,1.00
530,599,0.60
529,600,1.00
530,600,1.00
526,601,0.30
527,601,0.30
528,601,0.30
529,601,0.60
530,601,1.00
531,599,0.30
532,599,0.30
533,599,0.30
531,600,1.00
532,600,1.00
533,600,0.60
531,601,1.00
532,601,1.00
533,601,1.00
529,602,0.30
530,602,1.00
531,602,1.00
532,602,1.00
533,602,1.00
529,603,0.30
530,603,0.60
531,603,1.00
532,603,1.00
533,603,1.00
534,600,0.30
534,601,0.60
534,602,1.00
534,603,1.00
530,604,0.30
531,604,0.60
532,604,1.00
533,604,1.00
534,604,1.00
535,601,0.30
535,602,0.30
535,603,0.60
535,604,1.00
531,605,0.30
532,605,0.30
533,605,0.90
534,605,1.00
535,605,1.00
536,603,0.30
537,603,0.30
536,604,1.00
537,604,0.60
536,605,1.00
537,605,0.60
533,606,0.60
534,606,1.00
535,606,1.00
536,606,1.00
537,606,0.90
533,607,0.60
534,607,1.00
535,607,1.00
536,607,1.00
537,607,1.00
533,608,0.30
534,608,0.90
535,608,1.00
536,608,1.00
537,608,1.00
538,606,0.30
538,607,0.30
538,608,0.60
534,609,0.90
535,609,1.00
536,609,1.00
537,609,1.00
538,609,0.90
534,610,0.90
535,610,1.00
536,610,1.00
537,610,1.00
538,610,0.90
534,611,0.90
535,611,1.00
536,611,1.00
537,611,1.00
538,611,0.90
534,612,1.00
535,612,1.00
536,612,1.00
537,612,1.00
538,612,1.00
534,613,0.90
535,613,1.00
536,613,1.00
537,613,1.00
538,613,0.90
534,614,0.60
535,614,1.00
536,614,1.00
537,614,1.00
538,614,0.60
534,615,0.90
535,615,1.00
536,615,1.00
537,615,1.00
538,615,0.90
534,616,0.60
535,616,1.00
536,616,1.00
537,616,1.00
538,616,0.60
534,617,0.60
535,617,1.00
536,617,1.00
537,617,1.00
538,617,0.60
534,618,0.90
535,618,1.00
536,618,1.00
537,618,1.00
538,618,0.90
534,619,0.90
535,619,1.00
536,619,1.00
537,619,1.00
538,619,0.90
534,620,0.90
535,620,1.00
536,620,1.00
537,620,1.00
538,620,0.60
534,621,1.00
535,621,1.00
536,621,1.00
537,621,1.00
538,621,0.60
534,622,1.00
535,622,1.00
536,622,1.00
537,622,0.60
538,622,0.30
533,620,0.30
533,621,0.60
533,622,1.00
533,623,1.00
534,623,1.00
535,623,1.00
536,623,1.00
537,623,0.30
533,624,1.00
534,624,1.00
535,624,1.00
536,624,0.60
537,624,0.30
532,621,0.30
532,622,0.60
532,623,1.00
532,624,1.00
532,625,1.00
533,625,1.00
534,625,0.60
535,625,0.30
536,625,0.30
530,622,0.30
531,622,0.30
530,623,0.30
531,623,0.71
530,624,0.60
531,624,1.00
530,625,1.00
531,625,1.00
530,626,1.00
531,626,1.00
532,626,1.00
533,626,0.60
534,626,0.30
529,624,0.30
529,625,0.30
529,626,0.60
529,627,1.00
530,627,1.00
531,627,1.00
532,627,0.71
533,627,0.30
529,628,1.00
530,628,1.00
531,628,0.60
532,628,0.30
533,628,0.30
527,626,0.30
528,626,0.30
527,627,0.30
528,627,0.71
527,628,0.60
528,628,1.00
527,629,1.00
528,629,1.00
529,629,1.00
530,629,0.71
531,629,0.30
527,630,1.00
528,630,1.00
529,630,0.60
530,630,0.30
531,630,0.30
525,628,0.30
526,628,0.30
525,629,0.30
526,629,0.71
525,630,0.60
526,630,1.00
525,631,1.00
526,631,1.00
527,631,1.00
528,631,0.71
529,631,0.30
525,632,1.00
526,632,1.00
527,632,0.60
528,632,0.30
529,632,0.30
523,630,0.30
524,630,0.30
523,631,0.60
524,631,1.00
523,632,1.00
524,632,1.00
523,633,1.00
524,633,1.00
525,633,1.00
526,633,0.71
527,633,0.30
523,634,1.00
524,634,0.60
525,634,0.30
526,634,0.30
527,634,0.30
520,631,0.30
521,631,0.30
522,631,0.30
520,632,0.30
521,632,0.71
522,632,1.00
520,633,0.60
521,633,1.00
522,633,1.00
520,634,1.00
521,634,1.00
522,634,1.00
520,635,1.00
521,635,1.00
522,635,0.60
523,635,0.30
524,635,0.30
518,633,0.30
519,633,0.30
518,634,0.60
519,634,1.00
518,635,1.00
519,635,1.00
518,636,1.00
519,636,1.00
520,636,1.00
521,636,0.71
522,636,0.30
518,637,1.00
519,637,1.00
520,637,0.60
521,637,0.30
522,637,0.30
516,634,0.30
517,634,0.30
516,635,0.60
517,635,1.00
516,636,1.00
517,636,1.00
516,637,1.00
517,637,1.00
516,638,1.00
517,638,0.60
518,638,0.30
519,638,0.30
520,638,0.30
513,635,0.30
514,635,0.30
515,635,0.30
513,636,0.60
514,636,1.00
515,636,1.00
513,637,1.00
514,637,1.00
515,637,1.00
513,638,1.00
514,638,1.00
515,638,1.00
513,639,1.00
514,639,1.00
515,639,0.60
516,639,0.30
517,639,0.30
511,636,0.30
512,636,0.30
511,637,0.60
512,637,0.71
511,638,0.60
512,638,1.00
511,639,0.60
512,639,0.71
511,640,0.60
512,640,0.30
513,640,0.30
514,640,0.30
515,640,0.30
507,637,0.30
508,637,0.30
509,637,0.30
510,637,0.30
507,638,0.60
508,638,1.00
509,638,1.00
510,638,0.71
507,639,1.00
508,639,1.00
509,639,1.00
510,639,1.00
507,640,1.00
508,640,1.00
509,640,1.00
510,640,0.71
507,641,1.00
508,641,1.00
509,641,0.60
510,641,0.30
511,641,0.30
505,638,0.30
506,638,0.30
505,639,0.30
506,639,0.71
505,640,0.60
506,640,1.00
505,641,1.00
506,641,1.00
505,642,1.00
506,642,0.60
507,642,0.30
508,642,0.30
509,642,0.30
502,640,0.60
503,640,0.60
504,640,0.30
502,641,1.00
503,641,1.00
504,641,1.00
502,642,1.00
503,642,1.00
504,642,1.00
502,643,1.00
503,643,1.00
504,643,1.00
505,643,0.71
506,643,0.30
502,644,0.90
503,644,0.60
504,644,0.30
505,644,0.30
506,644,0.30
499,640,0.30
500,640,0.30
501,640,0.30
499,641,1.00
500,641,1.00
501,641,1.00
499,642,1.00
500,642,1.00
501,642,1.00
499,643,1.00
500,643,1.00
501,643,1.00
499,644,1.00
500,644,1.00
501,644,1.00
498,641,1.00
498,642,1.00
498,643,1.00
498,644,1.00
498,645,1.00
499,645,1.00
500,645,0.90
501,645,0.60
502,645,0.30
497,641,1.00
497,642,1.00
497,643,1.00
497,644,1.00
497,645,1.00
496,641,1.00
496,642,1.00
496,643,1.00
496,644,1.00
496,645,1.00
495,641,0.90
495,642,1.00
495,643,1.00
495,644,1.00
495,645,0.90
494,641,0.30
494,642,0.30
494,643,0.30
494,644,0.30
494,645,0.30

536,549,1.00
537,549,1.00
538,549,1.00
539,549,1.00
540,549,1.00
536,550,1.00
537,550,1.00
538,550,1.00
539,550,1.00
540,550,1.00
536,551,1.00
537,551,1.00
538,551,1.00
539,551,1.00
540,551,1.00
536,552,1.00
537,552,1.00
538,552,1.00
539,552,1.00
540,552,1.00
536,553,1.00
537,553,1.00
538,553,1.00
539,553,1.00
540,553,1.00
536,554,0.60
537,554,1.00
538,554,1.00
539,554,1.00
540,554,1.00
536,555,0.30
537,555,0.60
538,555,1.00
539,555,1.00
540,555,1.00
541,553,0.30
541,554,0.60
541,555,1.00
537,556,0.30
538,556,1.00
539,556,1.00
540,556,1.00
541,556,1.00
537,557,0.30
538,557,0.60
539,557,1.00
540,557,1.00
541,557,1.00
542,554,0.30
542,555,0.30
542,556,0.30
542,557,0.60
538,558,0.30
539,558,0.60
540,558,1.00
541,558,1.00
542,558,1.00
543,557,0.30
543,558,0.30
539,559,0.30
540,559,1.00
541,559,1.00
542,559,1.00
543,559,0.30
539,560,0.30
540,560,1.00
541,560,1.00
542,560,1.00
543,560,0.60
539,561,0.30
540,561,0.60
541,561,1.00
542,561,1.00
543,561,1.00
544,560,0.30
544,561,0.30
540,562,0.30
541,562,1.00
542,562,1.00
543,562,1.00
544,562,0.30
540,563,0.30
541,563,0.71
542,563,1.00
543,563,0.71
544,563,0.30
540,564,0.30
541,564,0.30
542,564,0.30
543,564,0.30
544,564,0.30
543,565,0.30
544,565,0.30
545,565,0.30
546,565,0.30
547,565,0.30
543,566,0.30
544,566,0.71
545,566,1.00
546,566,0.71
547,566,0.30
543,567,0.30
544,567,1.00
545,567,1.00
546,567,1.00
547,567,0.30
543,568,0.30
544,568,0.71
545,568,1.00
546,568,0.71
547,568,0.30
543,569,0.30
544,569,0.30
545,569,0.30
546,569,0.30
547,569,0.30
545,570,0.30
546,570,0.30
547,570,0.30
548,570,0.30
549,570,0.30
545,571,0.30
546,571,0.71
547,571,1.00
548,571,0.71
549,571,0.30
545,572,0.30
546,572,1.00
547,572,1.00
548,572,1.00
549,572,0.30
545,573,0.30
546,573,0.71
547,573,1.00
548,573,0.71
549,573,0.30
545,574,0.30
546,574,0.30
547,574,0.30
548,574,0.30
549,574,0.30
548,576,0.30
549,576,0.30
550,576,0.30
551,576,0.30
552,576,0.30
548,577,0.30
549,577,0.71
550,577,1.00
551,577,0.71
552,577,0.30
548,578,0.30
549,578,1.00
550,578,1.00
551,578,1.00
552,578,0.30
548,579,0.30
549,579,0.71
550,579,1.00
551,579,0.71
552,579,0.30
548,580,0.30
549,580,0.30
550,580,0.30
551,580,0.30
552,580,0.30
552,581,0.30
553,581,0.30
554,581,0.30
555,581,0.30
556,581,0.30
552,582,0.30
553,582,0.71
554,582,1.00
555,582,0.71
556,582,0.30
552,583,0.30
553,583,1.00
554,583,1.00
555,583,1.00
556,583,0.30
552,584,0.30
553,584,0.71
554,584,1.00
555,584,0.71
556,584,0.30
552,585,0.30
553,585,0.30
554,585,0.30
555,585,0.30
556,585,0.30
554,586,0.30
555,586,0.30
556,586,0.30
557,586,0.30
558,586,0.30
554,587,0.30
555,587,0.71
556,587,1.00
557,587,0.71
558,587,0.30
554,588,0.30
555,588,1.00
556,588,1.00
557,588,1.00
558,588,0.30
554,589,0.30
555,589,0.71
556,589,1.00
557,589,0.71
558,589,0.30
554,590,0.30
555,590,0.30
556,590,0.30
557,590,0.60
558,590,0.60
559,590,0.30
560,590,0.30
561,590,0.30
557,591,0.30
558,591,0.71
559,591,1.00
560,591,0.71
561,591,0.30
557,592,0.30
558,592,1.00
559,592,1.00
560,592,1.00
561,592,0.30
557,593,0.30
558,593,0.71
559,593,1.00
560,593,0.71
561,593,0.30
557,594,0.30
558,594,0.30
559,594,0.30
560,594,0.60
561,594,0.60
562,594,0.30
563,594,0.30
564,594,0.30
560,595,0.30
561,595,0.71
562,595,1.00
563,595,0.71
564,595,0.30
560,596,0.30
561,596,1.00
562,596,1.00
563,596,1.00
564,596,0.60
560,597,0.30
561,597,1.00
562,597,1.00
563,597,1.00
564,597,1.00
560,598,0.30
561,598,0.60
562,598,1.00
563,598,1.00
564,598,1.00
565,596,0.30
565,597,0.30
565,598,0.60
561,599,0.30
562,599,0.71
563,599,1.00
564,599,1.00
565,599,1.00
561,600,0.30
562,600,0.30
563,600,0.60
564,600,1.00
565,600,1.00
566,598,0.30
567,598,0.30
566,599,1.00
567,599,0.60
566,600,1.00
567,600,1.00
563,601,0.30
564,601,1.00
565,601,1.00
566,601,1.00
567,601,1.00
563,602,0.30
564,602,0.60
565,602,1.00
566,602,1.00
567,602,1.00
568,599,0.30
568,600,0.30
568,601,0.60
568,602,1.00
564,603,0.30
565,603,0.60
566,603,1.00
567,603,1.00
568,603,1.00
569,601,0.30
569,602,0.60
569,603,1.00
565,604,0.30
566,604,1.00
567,604,1.00
568,604,1.00
569,604,1.00
565,605,0.30
566,605,1.00
567,605,1.00
568,605,1.00
569,605,1.00
570,602,0.30
570,603,0.60
570,604,1.00
570,605,1.00
566,606,1.00
567,606,1.00
568,606,1.00
569,606,1.00
570,606,1.00
566,607,1.00
567,607,1.00
568,607,1.00
569,607,1.00
570,607,1.00
566,608,0.90
567,608,1.00
568,608,1.00
569,608,1.00
570,608,0.90
566,609,0.30
567,609,0.30
568,609,0.30
569,609,0.30
570,609,0.30

552,623,0.90
553,623,1.00
554,623,1.00
555,623,1.00
556,623,1.00
552,624,0.90
553,624,1.00
554,624,1.00
555,624,1.00
556,624,1.00
552,625,0.90
553,625,1.00
554,625,1.00
555,625,1.00
556,625,1.00
552,626,0.90
553,626,1.00
554,626,1.00
555,626,1.00
556,626,0.90
552,627,0.60
553,627,0.60
554,627,0.60
555,627,0.60
556,627,0.60
552,622,0.30
553,622,0.30
554,622,0.60
555,622,1.00
556,622,1.00
554,621,0.30
555,621,0.30
556,621,0.30
557,621,0.30
558,621,0.60
557,622,0.71
558,622,0.60
557,623,1.00
558,623,0.30
557,624,0.71
558,624,0.30
557,625,0.30
558,625,0.30
558,618,0.30
559,618,0.30
560,618,0.30
561,618,0.60
562,618,1.00
558,619,0.30
559,619,0.71
560,619,1.00
561,619,1.00
562,619,1.00
558,620,0.30
559,620,1.00
560,620,1.00
561,620,1.00
562,620,1.00
559,621,0.71
560,621,1.00
561,621,1.00
562,621,0.60
559,622,0.30
560,622,0.30
561,622,0.30
562,622,0.30
561,617,0.30
562,617,0.30
563,617,0.30
564,617,0.60
565,617,1.00
563,618,1.00
564,618,1.00
565,618,0.60
563,619,1.00
564,619,1.00
565,619,0.30
563,620,1.00
564,620,0.71
565,620,0.30
563,621,0.30
564,621,0.30
565,621,0.30
564,614,0.30
565,614,0.30
566,614,0.30
567,614,0.60
568,614,1.00
564,615,0.30
565,615,0.71
566,615,1.00
567,615,1.00
568,615,1.00
564,616,0.30
565,616,1.00
566,616,1.00
567,616,1.00
568,616,0.60
566,617,1.00
567,617,0.71
568,617,0.30
566,618,0.30
567,618,0.30
568,618,0.30
567,612,0.30
568,612,0.30
569,612,0.30
570,612,0.60
571,612,1.00
567,613,0.30
568,613,0.71
569,613,1.00
570,613,1.00
571,613,1.00
569,614,1.00
570,614,1.00
571,614,0.60
569,615,1.00
570,615,0.71
571,615,0.30
569,616,0.30
570,616,0.30
571,616,0.30
570,610,0.30
571,610,0.60
572,610,1.00
573,610,1.00
574,610,1.00
570,611,0.30
571,611,1.00
572,611,1.00
573,611,1.00
574,611,1.00
572,612,1.00
573,612,1.00
574,612,1.00
572,613,1.00
573,613,1.00
574,613,0.60
572,614,0.30
573,614,0.30
574,614,0.30
571,609,0.30
572,609,0.30
573,609,0.60
574,609,1.00
575,609,1.00
575,610,1.00
575,611,1.00
575,612,0.60
575,613,0.30
573,608,0.30
574,608,0.30
575,608,0.60
576,608,1.00
577,608,1.00
576,609,1.00
577,609,1.00
576,610,1.00
577,610,1.00
576,611,1.00
577,611,0.60
576,612,0.30
577,612,0.30
575,607,0.30
576,607,0.30
577,607,0.60
578,607,1.00
579,607,1.00
578,608,1.00
579,608,1.00
578,609,1.00
579,609,0.60
578,610,0.71
579,610,0.30
578,611,0.30
579,611,0.30
577,605,0.30
578,605,0.30
579,605,0.60
580,605,1.00
581,605,1.00
577,606,0.30
578,606,0.71
579,606,1.00
580,606,1.00
581,606,1.00
580,607,1.00
581,607,0.90
580,608,0.71
581,608,0.30
580,609,0.30
581,609,0.30
579,603,0.30
580,603,0.60
581,603,0.60
582,603,0.90
583,603,1.00
579,604,0.30
580,604,1.00
581,604,1.00
582,604,1.00
583,604,1.00
582,605,1.00
583,605,1.00
582,606,1.00
583,606,1.00
582,607,0.60
583,607,0.60
584,603,1.00
584,604,1.00
584,605,1.00
584,606,0.60
584,607,0.30
582,602,0.30
583,602,0.90
584,602,1.00
585,602,1.00
586,602,1.00
585,603,1.00
586,603,1.00
585,604,1.00
586,604,1.00
585,605,1.00
586,605,1.00
585,606,0.30
586,606,0.30
583,601,0.60
584,601,1.00
585,601,1.00
586,601,1.00
587,601,1.00
587,602,1.00
587,603,1.00
587,604,1.00
587,605,1.00
588,601,1.00
588,602,1.00
588,603,1.00
588,604,1.00
588,605,0.60
584,600,0.30
585,600,0.60
586,600,0.90
587,600,1.00
588,600,1.00
589,600,1.00
589,601,1.00
589,602,1.00
589,603,1.00
589,604,0.30
586,599,0.30
587,599,0.90
588,599,1.00
589,599,1.00
590,599,1.00
590,600,1.00
590,601,1.00
590,602,1.00
590,603,1.00
591,599,1.00
591,600,1.00
591,601,1.00
591,602,1.00
591,603,0.90
592,599,1.00
592,600,1.00
592,601,1.00
592,602,0.90
592,603,0.30
589,598,0.60
590,598,0.60
591,598,0.60
592,598,0.60
593,598,0.60
593,599,0.60
593,600,0.60
593,601,0.60
593,602,0.60

520,550,0.60
521,550,0.60
522,550,0.90
523,550,0.90
524,550,0.90
520,551,0.60
521,551,1.00
522,551,1.00
523,551,1.00
524,551,1.00
520,552,0.60
521,552,1.00
522,552,1.00
523,552,1.00
524,552,1.00
520,553,0.60
521,553,1.00
522,553,1.00
523,553,1.00
524,553,1.00
520,554,0.60
521,554,0.60
522,554,0.90
523,554,0.90
524,554,0.90
525,550,0.60
526,550,1.00
525,551,1.00
526,551,1.00
525,552,1.00
526,552,1.00
525,553,1.00
526,553,0.60
525,554,0.30
526,554,0.30
525,549,0.30
526,549,0.30
527,549,0.30
528,549,0.60
529,549,1.00
527,550,1.00
528,550,1.00
529,550,1.00
527,551,1.00
528,551,1.00
529,551,1.00
527,552,1.00
528,552,1.00
529,552,0.60
527,553,0.30
528,553,0.30
529,553,0.30
528,548,0.30
529,548,0.30
530,548,0.60
531,548,1.00
532,548,1.00
530,549,1.00
531,549,1.00
532,549,1.00
530,550,1.00
531,550,1.00
532,550,1.00
530,551,1.00
531,551,1.00
532,551,0.60
530,552,0.30
531,552,0.30
532,552,0.30
530,547,0.30
531,547,0.30
532,547,0.30
533,547,0.60
534,547,1.00
533,548,1.00
534,548,1.00
533,549,1.00
534,549,0.60
533,550,0.71
534,550,0.30
533,551,0.30
534,551,0.30
533,545,0.30
534,545,0.30
535,545,0.60
536,545,1.00
537,545,1.00
533,546,0.30
534,546,0.71
535,546,1.00
536,546,1.00
537,546,1.00
535,547,1.00
536,547,1.00
537,547,1.00
535,548,1.00
536,548,1.00
537,548,0.90
535,549,0.30
536,549,0.30
537,549,0.30
535,544,0.30
536,544,0.30
537,544,0.60
538,544,0.60
539,544,0.90
538,545,1.00
539,545,1.00
538,546,1.00
539,546,1.00
538,547,1.00
539,547,1.00
538,548,0.60
539,548,0.60
540,544,1.00
541,544,1.00
540,545,1.00
541,545,1.00
540,546,1.00
541,546,1.00
540,547,1.00
541,547,0.60
540,548,0.30
541,548,0.30
539,543,0.30
540,543,0.60
541,543,1.00
542,543,1.00
543,543,1.00
542,544,1.00
543,544,1.00
542,545,1.00
543,545,0.60
542,546,0.71
543,546,0.30
542,547,0.30
543,547,0.30
540,541,0.30
541,541,0.60
542,541,1.00
543,541,1.00
544,541,1.00
540,542,0.30
541,542,1.00
542,542,1.00
543,542,1.00
544,542,1.00
544,543,1.00
544,544,0.90
544,545,0.30
541,540,0.30
542,540,0.30
543,540,0.60
544,540,0.90
545,540,1.00
545,541,1.00
545,542,1.00
545,543,1.00
545,544,0.60
546,540,1.00
547,540,1.00
546,541,1.00
547,541,1.00
546,542,1.00
547,542,1.00
546,543,1.00
547,543,0.60
546,544,0.30
547,544,0.30
544,539,0.30
545,539,0.30
546,539,0.60
547,539,1.00
548,539,1.00
548,540,1.00
548,541,1.00
548,542,0.60
548,543,0.30
546,538,0.30
547,538,0.30
548,538,0.60
549,538,1.00
550,538,1.00
549,539,1.00
550,539,1.00
549,540,1.00
550,540,1.00
549,541,1.00
550,541,0.60
549,542,0.30
550,542,0.30
548,537,0.30
549,537,0.30
550,537,0.60
551,537,1.00
552,537,1.00
551,538,1.00
552,538,1.00
551,539,1.00
552,539,1.00
551,540,0.71
552,540,0.30
551,541,0.30
552,541,0.30
550,535,0.30
551,535,0.60
552,535,1.00
553,535,1.00
554,535,1.00
550,536,0.30
551,536,1.00
552,536,1.00
553,536,1.00
554,536,1.00
553,537,1.00
554,537,1.00
553,538,1.00
554,538,1.00
553,539,0.90
554,539,0.90
555,535,1.00
555,536,1.00
555,537,1.00
555,538,1.00
555,539,0.60
556,535,1.00
556,536,1.00
556,537,1.00
556,538,1.00
556,539,0.30
552,534,0.90
553,534,1.00
554,534,1.00
555,534,1.00
556,534,1.00
557,534,0.60
557,535,0.60
557,536,0.60
557,537,0.60
557,538,0.60

594,520,0.90
595,520,0.90
596,520,0.90
597,520,0.90
598,520,0.60
594,521,1.00
595,521,1.00
596,521,1.00
597,521,1.00
598,521,0.60
594,522,1.00
595,522,1.00
596,522,1.00
597,522,1.00
598,522,0.60
594,523,1.00
595,523,1.00
596,523,1.00
597,523,1.00
598,523,0.60
594,524,1.00
595,524,1.00
596,524,1.00
597,524,0.90
598,524,0.60
593,520,0.30
593,521,0.60
593,522,1.00
593,523,1.00
593,524,1.00
592,521,0.30
592,522,0.60
592,523,1.00
592,524,1.00
592,525,1.00
593,525,1.00
594,525,0.60
595,525,0.30
596,525,0.30
590,522,0.30
591,522,0.30
590,523,0.30
591,523,0.71
590,524,0.60
591,524,1.00
590,525,1.00
591,525,1.00
590,526,1.00
591,526,1.00
592,526,1.00
593,526,0.60
594,526,0.30
589,524,0.30
589,525,0.60
589,526,1.00
589,527,1.00
590,527,1.00
591,527,1.00
592,527,0.71
593,527,0.30
589,528,1.00
590,528,1.00
591,528,0.60
592,528,0.30
593,528,0.30
587,525,0.30
588,525,0.30
587,526,0.60
588,526,1.00
587,527,1.00
588,527,1.00
587,528,1.00
588,528,1.00
587,529,1.00
588,529,1.00
589,529,1.00
590,529,0.60
591,529,0.30
586,526,0.30
586,527,0.30
586,528,0.60
586,529,1.00
586,530,1.00
587,530,1.00
588,530,1.00
589,530,0.60
590,530,0.30
585,528,0.30
585,529,0.30
585,530,0.60
585,531,1.00
586,531,1.00
587,531,1.00
588,531,1.00
589,531,0.30
585,532,1.00
586,532,1.00
587,532,1.00
588,532,0.90
589,532,0.30
584,530,0.30
584,531,0.30
584,532,0.60
584,533,0.60
585,533,1.00
586,533,1.00
587,533,1.00
588,533,0.60
584,534,0.90
585,534,1.00
586,534,1.00
587,534,1.00
588,534,0.60
584,535,1.00
585,535,1.00
586,535,1.00
587,535,1.00
588,535,0.30
584,536,1.00
585,536,1.00
586,536,1.00
587,536,0.90
588,536,0.30
583,534,0.30
583,535,0.30
583,536,0.60
583,537,0.60
584,537,1.00
585,537,1.00
586,537,1.00
587,537,0.60
583,538,0.60
584,538,1.00
585,538,1.00
586,538,1.00
587,538,0.60
583,539,0.30
584,539,0.71
585,539,1.00
586,539,0.71
587,539,0.30
583,540,0.30
584,540,0.30
585,540,0.30
586,540,0.30
587,540,0.30
582,541,0.30
583,541,0.30
584,541,0.30
585,541,0.30
586,541,0.30
582,542,0.30
583,542,0.71
584,542,1.00
585,542,0.71
586,542,0.30
582,543,0.30
583,543,1.00
584,543,1.00
585,543,1.00
586,543,0.30
582,544,0.30
583,544,0.71
584,544,1.00
585,544,0.71
586,544,0.30
582,545,0.30
583,545,0.30
584,545,0.30
585,545,0.30
586,545,0.30
582,546,0.30
583,546,0.30
584,546,0.30
585,546,0.30
586,546,0.30
582,547,0.30
583,547,0.71
584,547,1.00
585,547,0.71
586,547,0.30
582,548,0.30
583,548,1.00
584,548,1.00
585,548,1.00
586,548,0.30
582,549,0.60
583,549,1.00
584,549,1.00
585,549,1.00
586,549,0.60
582,550,0.90
583,550,1.00
584,550,1.00
585,550,1.00
586,550,0.90
582,551,0.60
583,551,1.00
584,551,1.00
585,551,1.00
586,551,0.60
582,552,0.90
583,552,1.00
584,552,1.00
585,552,1.00
586,552,0.90
582,553,0.90
583,553,1.00
584,553,1.00
585,553,1.00
586,553,1.00
582,554,0.60
583,554,1.00
584,554,1.00
585,554,1.00
586,554,1.00
582,555,0.30
583,555,1.00
584,555,1.00
585,555,1.00
586,555,1.00
582,556,0.30
583,556,0.90
584,556,1.00
585,556,1.00
586,556,1.00
587,553,0.30
587,554,0.30
587,555,0.60
587,556,0.60
583,557,0.60
584,557,1.00
585,557,1.00
586,557,1.00
587,557,0.90
583,558,0.30
584,558,1.00
585,558,1.00
586,558,1.00
587,558,1.00
583,559,0.30
584,559,0.90
585,559,1.00
586,559,1.00
587,559,1.00
588,557,0.30
588,558,0.60
588,559,0.60
584,560,0.60
585,560,1.00
586,560,1.00
587,560,1.00
588,560,0.90
584,561,0.60
585,561,1.00
586,561,1.00
587,561,1.00
588,561,1.00
584,562,0.30
585,562,0.60
586,562,1.00
587,562,1.00
588,562,1.00
589,560,0.30
589,561,0.30
589,562,0.60
585,563,0.30
586,563,0.71
587,563,1.00
588,563,1.00
589,563,1.00
585,564,0.30
586,564,0.30
587,564,0.60
588,564,1.00
589,564,1.00
590,562,0.30
591,562,0.30
590,563,0.71
591,563,0.30
590,564,1.00
591,564,0.60
587,565,0.30
588,565,1.00
589,565,1.00
590,565,1.00
591,565,1.00
587,566,0.30
588,566,0.60
589,566,1.00
590,566,1.00
591,566,1.00
592,564,0.30
592,565,0.60
592,566,1.00
588,567,0.30
589,567,1.00
590,567,1.00
591,567,1.00
592,567,1.00
588,568,0.30
589,568,0.60
590,568,1.00
591,568,1.00
592,568,1.00
593,565,0.30
593,566,0.30
593,567,0.90
593,568,1.00
589,569,0.30
590,569,0.60
591,569,1.00
592,569,1.00
593,569,1.00
594,567,0.60
594,568,1.00
594,569,1.00
590,570,0.30
591,570,1.00
592,570,1.00
593,570,1.00
594,570,1.00
590,571,0.30
591,571,0.60
592,571,0.60
593,571,1.00
594,571,1.00
595,567,0.30
595,568,0.60
595,569,1.00
595,570,1.00
595,571,1.00
596,568,0.30
597,568,0.30
596,569,1.00
597,569,0.60
596,570,1.00
597,570,0.90
596,571,1.00
597,571,1.00
593,572,0.60
594,572,1.00
595,572,1.00
596,572,1.00
597,572,1.00
593,573,0.30
594,573,0.30
595,573,0.60
596,573,1.00
597,573,1.00
598,570,0.30
599,570,0.30
598,571,1.00
599,571,0.90
598,572,1.00
599,572,1.00
598,573,1.00
599,573,1.00
595,574,0.30
596,574,0.60
597,574,1.00
598,574,1.00
599,574,1.00
600,571,0.60
600,572,1.00
600,573,1.00
600,574,1.00
596,575,0.30
597,575,0.30
598,575,0.60
599,575,0.90
600,575,1.00
601,571,0.30
602,571,0.30
601,572,1.00
602,572,0.90
601,573,1.00
602,573,1.00
601,574,1.00
602,574,1.00
601,575,1.00
602,575,1.00
603,572,0.60
603,573,1.00
603,574,1.00
603,575,1.00
599,576,0.30
600,576,0.30
601,576,0.60
602,576,0.90
603,576,1.00
604,572,0.30
605,572,0.30
604,573,1.00
605,573,0.90
604,574,1.00
605,574,1.00
604,575,1.00
605,575,1.00
604,576,1.00
605,576,1.00
606,573,0.90
606,574,1.00
606,575,1.00
606,576,1.00
602,577,0.30
603,577,0.30
604,577,0.60
605,577,0.60
606,577,0.90
607,573,0.90
608,573,0.90
607,574,1.00
608,574,1.00
607,575,1.00
608,575,1.00
607,576,1.00
608,576,1.00
607,577,0.90
608,577,0.90
609,573,0.90
610,573,0.90
609,574,1.00
610,574,1.00
609,575,1.00
610,575,1.00
609,576,1.00
610,576,1.00
609,577,0.90
610,577,0.90
611,573,0.90
611,574,1.00
611,575,1.00
611,576,1.00
611,577,0.90
612,573,0.90
613,573,0.90
612,574,1.00
613,574,1.00
612,575,1.00
613,575,1.00
612,576,1.00
613,576,1.00
612,577,0.90
613,577,0.90
614,573,0.90
615,573,1.00
614,574,1.00
615,574,1.00
614,575,1.00
615,575,1.00
614,576,1.00
615,576,1.00
614,577,0.90
615,577,1.00
616,573,1.00
616,574,1.00
616,575,1.00
616,576,1.00
616,577,1.00
617,573,0.90
618,573,1.00
617,574,1.00
618,574,1.00
617,575,1.00
618,575,1.00
617,576,1.00
618,576,1.00
617,577,0.90
618,577,1.00
619,573,0.90
619,574,1.00
619,575,1.00
619,576,1.00
619,577,0.90
620,573,0.90
620,574,1.00
620,575,1.00
620,576,1.00
620,577,0.90
621,573,0.90
622,573,1.00
621,574,1.00
622,574,1.00
621,575,1.00
622,575,1.00
621,576,1.00
622,576,1.00
621,577,0.60
622,577,0.60
623,573,1.00
624,573,1.00
623,574,1.00
624,574,1.00
623,575,1.00
624,575,1.00
623,576,1.00
624,576,0.60
623,577,0.30
624,577,0.30
621,572,0.30
622,572,0.30
623,572,0.60
624,572,1.00
625,572,1.00
625,573,1.00
625,574,1.00
625,575,0.90
625,576,0.30
623,571,0.30
624,571,0.60
625,571,0.90
626,571,1.00
627,571,1.00
626,572,1.00
627,572,1.00
626,573,1.00
627,573,1.00
626,574,1.00
627,574,1.00
626,575,0.60
627,575,0.60
628,571,1.00
628,572,1.00
628,573,1.00
628,574,0.60
628,575,0.30
625,570,0.30
626,570,0.30
627,570,0.60
628,570,1.00
629,570,1.00
629,571,1.00
629,572,0.60
629,573,0.30
629,574,0.30
627,568,0.30
628,568,0.60
629,568,1.00
630,568,1.00
631,568,1.00
627,569,0.30
628,569,1.00
629,569,1.00
630,569,1.00
631,569,1.00
630,570,1.00
631,570,1.00
630,571,1.00
631,571,0.90
630,572,0.30
631,572,0.30
628,567,0.30
629,567,0.90
630,567,1.00
631,567,1.00
632,567,1.00
632,568,1.00
632,569,1.00
632,570,1.00
632,571,0.60
633,567,1.00
633,568,0.90
633,569,0.60
633,570,0.60
633,571,0.30
629,566,0.30
630,566,0.60
631,566,1.00
632,566,1.00
633,566,1.00
630,564,0.30
631,564,1.00
632,564,1.00
633,564,1.00
634,564,1.00
630,565,0.30
631,565,1.00
632,565,1.00
633,565,1.00
634,565,1.00
634,566,1.00
634,567,0.60
634,568,0.30
631,563,0.90
632,563,1.00
633,563,1.00
634,563,1.00
635,563,1.00
635,564,1.00
635,565,0.90
635,566,0.60
635,567,0.30
631,562,0.60
632,562,1.00
633,562,1.00
634,562,1.00
635,562,1.00
631,561,0.30
632,561,1.00
633,561,1.00
634,561,1.00
635,561,1.00
632,560,0.90
633,560,1.00
634,560,1.00
635,560,1.00
636,560,0.90
636,561,0.90
636,562,0.60
636,563,0.30
636,564,0.30
632,558,0.90
633,558,1.00
634,558,1.00
635,558,1.00
636,558,0.90
632,559,0.90
633,559,1.00
634,559,1.00
635,559,1.00
636,559,0.90
632,557,0.90
633,557,1.00
634,557,1.00
635,557,1.00
636,557,0.90
632,555,1.00
633,555,1.00
634,555,1.00
635,555,1.00
636,555,1.00
632,556,0.90
633,556,1.00
634,556,1.00
635,556,1.00
636,556,0.90
632,553,1.00
633,553,1.00
634,553,1.00
635,553,1.00
636,553,1.00
632,554,0.90
633,554,1.00
634,554,1.00
635,554,1.00
636,554,0.90
632,552,1.00
633,552,1.00
634,552,1.00
635,552,1.00
636,552,1.00
632,551,0.90
633,551,1.00
634,551,1.00
635,551,1.00
636,551,0.90
632,549,0.90
633,549,1.00
634,549,1.00
635,549,1.00
636,549,0.90
632,550,0.90
633,550,1.00
634,550,1.00
635,550,1.00
636,550,0.90
632,548,1.00
633,548,1.00
634,548,1.00
635,548,1.00
636,548,1.00
632,546,1.00
633,546,1.00
634,546,1.00
635,546,1.00
636,546,0.90
632,547,1.00
633,547,1.00
634,547,1.00
635,547,1.00
636,547,0.90
632,544,1.00
633,544,1.00
634,544,1.00
635,544,1.00
636,544,0.60
632,545,1.00
633,545,1.00
634,545,1.00
635,545,1.00
636,545,0.60
631,543,1.00
632,543,1.00
633,543,1.00
634,543,1.00
635,543,0.90
631,544,1.00
631,545,0.90
631,546,0.60
631,547,0.30
631,542,1.00
632,542,1.00
633,542,1.00
634,542,1.00
635,542,0.60
631,541,1.00
632,541,1.00
633,541,1.00
634,541,0.90
635,541,0.30
630,540,1.00
631,540,1.00
632,540,1.00
633,540,1.00
634,540,0.60
630,541,1.00
630,542,1.00
630,543,1.00
630,544,0.90
629,540,1.00
629,541,1.00
629,542,1.00
629,543,0.90
629,544,0.30
629,539,1.00
630,539,1.00
631,539,1.00
632,539,1.00
633,539,0.90
629,538,1.00
630,538,1.00
631,538,1.00
632,538,1.00
633,538,1.00
628,538,1.00
628,539,1.00
628,540,1.00
628,541,1.00
628,542,1.00
627,538,1.00
627,539,1.00
627,540,1.00
627,541,1.00
627,542,1.00
626,538,1.00
626,539,1.00
626,540,1.00
626,541,1.00
626,542,1.00
625,538,1.00
625,539,1.00
625,540,1.00
625,541,1.00
625,542,1.00
624,538,1.00
624,539,1.00
624,540,1.00
624,541,1.00
624,542,1.00
623,538,1.00
623,539,1.00
623,540,1.00
623,541,1.00
623,542,1.00
622,539,1.00
622,540,1.00
622,541,1.00
622,542,1.00
622,543,1.00
623,543,1.00
624,543,1.00
625,543,1.00
626,543,0.60
621,540,1.00
621,541,1.00
621,542,1.00
621,543,1.00
621,544,1.00
622,544,1.00
623,544,1.00
624,544,1.00
625,544,0.30
620,540,1.00
620,541,1.00
620,542,1.00
620,543,1.00
620,544,1.00
619,540,0.90
619,541,1.00
619,542,1.00
619,543,1.00
619,544,1.00
617,541,0.60
618,541,0.90
617,542,1.00
618,542,1.00
617,543,1.00
618,543,1.00
617,544,1.00
618,544,1.00
617,545,1.00
618,545,1.00
619,545,1.00
620,545,1.00
621,545,0.60
616,542,1.00
616,543,1.00
616,544,1.00
616,545,1.00
616,546,1.00
617,546,1.00
618,546,1.00
619,546,1.00
620,546,1.00
615,543,0.90
615,544,1.00
615,545,1.00
615,546,1.00
615,547,1.00
616,547,1.00
617,547,1.00
618,547,1.00
619,547,1.00
614,544,1.00
614,545,1.00
614,546,1.00
614,547,1.00
614,548,1.00
615,548,1.00
616,548,1.00
617,548,1.00
618,548,0.90
613,544,0.60
613,545,0.60
613,546,0.60
613,547,0.60
613,548,0.60
620,547,0.30
618,540,0.30
621,539,0.30
622,538,0.30
623,537,0.30
624,537,0.60
625,537,1.00
626,537,1.00
627,537,1.00
628,537,1.00
625,536,0.90
626,536,1.00
627,536,1.00
628,536,1.00
629,536,1.00
629,537,1.00
625,535,0.30
626,535,0.90
627,535,1.00
628,535,1.00
629,535,1.00
630,535,1.00
630,536,1.00
630,537,1.00
631,535,1.00
631,536,1.00
631,537,1.00
632,535,1.00
632,536,1.00
632,537,1.00
629,534,1.00
630,534,1.00
631,534,1.00
632,534,1.00
633,534,1.00
633,535,1.00
633,536,1.00
633,537,1.00
629,533,0.30
630,533,0.90
631,533,1.00
632,533,1.00
633,533,1.00
634,533,1.00
634,534,1.00
634,535,1.00
634,536,1.00
634,537,0.30
630,532,0.30
631,532,0.90
632,532,1.00
633,532,1.00
634,532,1.00
635,532,1.00
635,533,1.00
635,534,1.00
635,535,1.00
635,536,0.60
632,531,0.60
633,531,1.00
634,531,1.00
635,531,1.00
636,531,1.00
636,532,1.00
636,533,1.00
636,534,1.00
636,535,0.90
637,531,1.00
637,532,1.00
637,533,1.00
637,534,1.00
637,535,0.30
633,530,0.30
634,530,1.00
635,530,1.00
636,530,1.00
637,530,1.00
638,530,0.90
638,531,0.90
638,532,0.90
638,533,0.90
638,534,0.90

644,502,0.90
645,502,0.90
646,502,0.90
647,502,1.00
648,502,1.00
644,503,1.00
645,503,1.00
646,503,1.00
647,503,1.00
648,503,1.00
644,504,1.00
645,504,1.00
646,504,1.00
647,504,1.00
648,504,1.00
644,505,1.00
645,505,1.00
646,505,1.00
647,505,1.00
648,505,1.00
644,506,1.00
645,506,1.00
646,506,1.00
647,506,1.00
648,506,1.00
644,507,1.00
645,507,1.00
646,507,1.00
647,507,1.00
648,507,1.00
644,508,0.90
645,508,1.00
646,508,1.00
647,508,1.00
648,508,1.00
644,509,0.60
645,509,1.00
646,509,1.00
647,509,1.00
648,509,1.00
644,510,0.60
645,510,1.00
646,510,1.00
647,510,1.00
648,510,1.00
644,511,0.30
645,511,1.00
646,511,1.00
647,511,1.00
648,511,1.00
644,512,0.30
645,512,0.60
646,512,1.00
647,512,1.00
648,512,1.00
649,510,1.00
649,511,1.00
649,512,1.00
645,513,0.30
646,513,1.00
647,513,1.00
648,513,1.00
649,513,1.00
645,514,0.30
646,514,0.60
647,514,1.00
648,514,1.00
649,514,1.00
650,512,1.00
650,513,1.00
650,514,1.00
646,515,0.30
647,515,1.00
648,515,1.00
649,515,1.00
650,515,1.00
646,516,0.30
647,516,0.60
648,516,1.00
649,516,1.00
650,516,1.00
651,514,1.00
651,515,1.00
651,516,1.00
647,517,0.30
648,517,1.00
649,517,1.00
650,517,1.00
651,517,1.00
647,518,0.30
648,518,1.00
649,518,1.00
650,518,1.00
651,518,1.00
652,517,1.00
652,518,1.00
648,519,1.00
649,519,1.00
650,519,1.00
651,519,1.00
652,519,1.00
648,520,0.90
649,520,1.00
650,520,1.00
651,520,1.00
652,520,1.00
648,521,0.60
649,521,1.00
650,521,1.00
651,521,1.00
652,521,1.00
653,519,1.00
653,520,1.00
653,521,1.00
649,522,1.00
650,522,1.00
651,522,1.00
652,522,1.00
653,522,1.00
649,523,0.90
650,523,1.00
651,523,1.00
652,523,1.00
653,523,1.00
654,521,0.90
654,522,1.00
654,523,1.00
650,524,1.00
651,524,1.00
652,524,1.00
653,524,1.00
654,524,1.00
650,525,1.00
651,525,1.00
652,525,1.00
653,525,1.00
654,525,1.00
655,522,0.30
655,523,0.90
655,524,1.00
655,525,1.00
651,526,1.00
652,526,1.00
653,526,1.00
654,526,1.00
655,526,1.00
651,527,1.00
652,527,1.00
653,527,1.00
654,527,1.00
655,527,1.00
656,525,0.30
656,526,1.00
656,527,1.00
652,528,1.00
653,528,1.00
654,528,1.00
655,528,1.00
656,528,1.00
652,529,1.00
653,529,1.00
654,529,1.00
655,529,1.00
656,529,1.00
652,530,1.00
653,530,1.00
654,530,1.00
655,530,1.00
656,530,1.00
657,527,0.30
657,528,0.30
657,529,0.60
657,530,0.90
653,531,1.00
654,531,1.00
655,531,1.00
656,531,1.00
657,531,1.00
653,532,1.00
654,532,1.00
655,532,1.00
656,532,1.00
657,532,1.00
653,533,1.00
654,533,1.00
655,533,1.00
656,533,1.00
657,533,1.00
658,530,0.30
658,531,0.60
658,532,0.60
658,533,0.90
654,534,1.00
655,534,1.00
656,534,1.00
657,534,1.00
658,534,1.00
654,535,1.00
655,535,1.00
656,535,1.00
657,535,1.00
658,535,1.00
659,533,0.30
659,534,0.30
659,535,0.60
655,536,1.00
656,536,1.00
657,536,1.00
658,536,1.00
659,536,1.00
655,537,1.00
656,537,1.00
657,537,1.00
658,537,1.00
659,537,1.00
660,535,0.30
660,536,0.30
660,537,0.30
656,538,1.00
657,538,1.00
658,538,1.00
659,538,1.00
660,538,0.60
656,539,1.00
657,539,1.00
658,539,1.00
659,539,1.00
660,539,1.00
661,538,0.30
661,539,0.30
657,540,1.00
658,540,1.00
659,540,1.00
660,540,1.00
661,540,0.60
657,541,1.00
658,541,1.00
659,541,1.00
660,541,1.00
661,541,1.00
657,542,1.00
658,542,1.00
659,542,1.00
660,542,1.00
661,542,1.00
662,540,0.30
662,541,0.30
662,542,0.60
658,543,1.00
659,543,1.00
660,543,1.00
661,543,1.00
662,543,1.00
658,544,1.00
659,544,1.00
660,544,1.00
661,544,1.00
662,544,1.00
663,542,0.30
663,543,0.30
663,544,0.60
659,545,1.00
660,545,1.00
661,545,1.00
662,545,1.00
663,545,0.90
659,546,1.00
660,546,1.00
661,546,1.00
662,546,1.00
663,546,1.00
659,547,1.00
660,547,1.00
661,547,1.00
662,547,1.00
663,547,1.00
659,548,1.00
660,548,1.00
661,548,1.00
662,548,1.00
663,548,1.00
664,545,0.30
664,546,0.60
664,547,1.00
664,548,1.00
660,549,1.00
661,549,1.00
662,549,1.00
663,549,1.00
664,549,1.00
665,546,0.30
665,547,0.30
665,548,0.60
665,549,1.00
661,550,1.00
662,550,1.00
663,550,1.00
664,550,1.00
665,550,1.00
661,551,1.00
662,551,1.00
663,551,1.00
664,551,1.00
665,551,1.00
661,552,1.00
662,552,1.00
663,552,1.00
664,552,1.00
665,552,1.00
661,553,1.00
662,553,1.00
663,553,1.00
664,553,1.00
665,553,1.00
661,554,1.00
662,554,1.00
663,554,1.00
664,554,1.00
665,554,1.00
666,551,0.30
666,552,0.60
666,553,1.00
666,554,1.00
662,555,1.00
663,555,1.00
664,555,1.00
665,555,1.00
666,555,1.00
662,556,0.90
663,556,1.00
664,556,1.00
665,556,1.00
666,556,1.00
667,553,0.60
667,554,0.60
667,555,0.90
667,556,1.00
663,557,1.00
664,557,1.00
665,557,1.00
666,557,1.00
667,557,1.00
668,555,0.30
668,556,0.90
668,557,1.00
664,558,0.90
665,558,1.00
666,558,1.00
667,558,1.00
668,558,1.00
664,559,0.60
665,559,1.00
666,559,1.00
667,559,1.00
668,559,1.00
669,556,0.30
669,557,0.30
669,558,1.00
669,559,1.00
665,560,1.00
666,560,1.00
667,560,1.00
668,560,1.00
669,560,1.00
665,561,0.60
666,561,1.00
667,561,1.00
668,561,1.00
669,561,1.00
665,562,0.60
666,562,1.00
667,562,1.00
668,562,1.00
669,562,1.00
670,558,0.30
670,559,1.00
670,560,1.00
670,561,1.00
670,562,1.00
666,563,1.00
667,563,1.00
668,563,1.00
669,563,1.00
670,563,1.00
664,560,0.30
662,557,0.30
662,558,0.30
663,558,0.30
661,555,0.60
661,556,0.30
660,551,1.00
660,552,1.00
660,553,0.90
660,554,0.30
660,555,0.30
659,549,1.00
659,550,1.00
660,550,1.00
659,551,1.00
659,552,1.00
659,553,0.60
658,549,1.00
658,550,1.00
658,551,1.00
658,552,0.60
658,553,0.30
658,548,1.00
657,547,1.00
658,547,1.00
657,548,1.00
657,549,1.00
657,550,0.90
657,551,0.60
657,546,1.00
658,546,1.00
657,545,1.00
658,545,1.00
657,544,1.00
656,544,1.00
656,545,1.00
656,546,1.00
656,547,0.90
656,548,0.30
656,543,1.00
657,543,1.00
655,542,1.00
656,542,1.00
655,543,1.00
655,544,1.00
655,545,0.60
655,546,0.30
655,541,1.00
656,541,1.00
655,540,1.00
656,540,1.00
654,539,1.00
655,539,1.00
654,540,1.00
654,541,1.00
654,542,0.90
654,543,0.30
654,538,1.00
655,538,1.00
654,537,1.00
654,536,1.00
653,535,1.00
653,536,1.00
653,537,1.00
653,538,0.90
653,539,0.60
653,534,1.00
652,532,1.00
652,533,1.00
652,534,1.00
652,535,0.60
652,536,0.30
652,531,1.00
651,528,0.90
651,529,0.60
651,530,0.30
650,526,0.30
649,524,0.30
653,518,0.60
653,517,0.30
652,516,1.00
652,515,1.00
652,514,1.00
651,513,1.00
652,513,1.00
651,512,1.00
652,512,1.00
650,511,1.00
651,511,1.00
652,511,1.00
650,510,1.00
651,510,1.00
652,510,1.00
649,509,1.00
650,509,1.00
651,509,1.00
652,509,1.00
649,508,1.00
650,508,1.00
651,508,1.00
652,508,1.00
649,507,1.00
650,507,1.00
651,507,1.00
652,507,0.60
649,506,1.00
650,506,1.00
651,506,1.00
652,506,0.30
649,505,1.00
650,505,1.00
651,505,1.00
649,504,1.00
650,504,1.00
651,504,1.00
649,503,1.00
650,503,1.00
651,503,1.00
649,502,1.00
650,502,1.00
651,502,1.00
647,501,1.00
648,501,1.00
649,501,1.00
650,501,1.00
651,501,1.00
647,500,0.90
648,500,1.00
649,500,1.00
650,500,1.00
651,500,1.00
647,499,0.60
648,499,1.00
649,499,1.00
650,499,1.00
651,499,1.00
652,499,1.00
652,500,1.00
652,501,1.00
652,502,0.90
652,503,0.30
648,498,1.00
649,498,1.00
650,498,1.00
651,498,1.00
652,498,1.00
648,497,1.00
649,497,1.00
650,497,1.00
651,497,1.00
652,497,1.00
649,496,0.60
650,496,0.90
651,496,1.00
652,496,1.00
653,496,1.00
653,497,1.00
653,498,1.00
653,499,1.00
653,500,0.60
650,495,0.30
651,495,0.60
652,495,1.00
653,495,1.00
654,495,1.00
654,496,1.00
654,497,1.00
654,498,1.00
654,499,0.60
655,495,1.00
655,496,1.00
655,497,1.00
655,498,1.00
655,499,0.30
652,494,0.60
653,494,0.90
654,494,0.90
655,494,1.00
656,494,1.00
656,495,1.00
656,496,1.00
656,497,1.00
656,498,0.90
657,494,1.00
657,495,1.00
657,496,1.00
657,497,1.00
657,498,0.30
655,493,0.30
656,493,0.60
657,493,0.90
658,493,0.90
659,493,1.00
658,494,1.00
659,494,1.00
658,495,1.00
659,495,1.00
658,496,1.00
659,496,1.00
658,497,0.90
659,497,0.90
660,493,1.00
660,494,1.00
660,495,1.00
660,496,1.00
660,497,0.60
661,493,1.00
661,494,1.00
661,495,1.00
661,496,0.90
661,497,0.30
659,492,0.30
660,492,0.30
661,492,0.60
662,492,0.90
663,492,0.90
662,493,1.00
663,493,1.00
662,494,1.00
663,494,1.00
662,495,1.00
663,495,1.00
662,496,0.90
663,496,0.90
664,492,0.60
665,492,0.90
664,493,1.00
665,493,1.00
664,494,1.00
665,494,1.00
664,495,1.00
665,495,1.00
664,496,0.60
665,496,0.90
666,492,0.90
666,493,1.00
666,494,1.00
666,495,1.00
666,496,0.90
667,492,0.60
668,492,0.90
669,492,0.90
667,493,1.00
668,493,1.00
669,493,1.00
667,494,1.00
668,494,1.00
669,494,1.00
667,495,1.00
668,495,1.00
669,495,1.00
667,496,0.60
668,496,0.90
669,496,0.90
670,492,0.90
670,493,1.00
670,494,1.00
670,495,1.00
670,496,0.90
671,492,0.90
672,492,0.90
671,493,1.00
672,493,1.00
671,494,1.00
672,494,1.00
671,495,1.00
672,495,1.00
671,496,0.90
672,496,1.00
673,492,0.60
674,492,0.60
673,493,1.00
674,493,1.00
673,494,1.00
674,494,1.00
673,495,1.00
674,495,1.00
673,496,1.00
674,496,1.00
675,492,0.30
675,493,0.90
675,494,1.00
675,495,1.00
675,496,1.00
676,493,0.60
676,494,1.00
676,495,1.00
676,496,1.00
672,497,0.30
673,497,0.30
674,497,0.60
675,497,0.90
676,497,1.00
677,493,0.30
678,493,0.30
677,494,1.00
678,494,1.00
677,495,1.00
678,495,1.00
677,496,1.00
678,496,1.00
677,497,1.00
678,497,1.00
679,494,0.90
679,495,1.00
679,496,1.00
679,497,1.00
675,498,0.30
676,498,0.60
677,498,0.90
678,498,1.00
679,498,1.00
680,494,0.60
680,495,1.00
680,496,1.00
680,497,1.00
680,498,1.00
681,494,0.30
681,495,0.60
681,496,1.00
681,497,1.00
681,498,1.00
682,495,0.30
682,496,0.60
682,497,1.00
682,498,1.00
678,499,0.30
679,499,0.60
680,499,1.00
681,499,1.00
682,499,1.00
683,496,0.30
683,497,0.30
683,498,0.60
683,499,1.00
679,500,0.30
680,500,0.60
681,500,1.00
682,500,1.00
683,500,1.00
684,498,0.30
684,499,0.60
684,500,1.00
680,501,0.30
681,501,1.00
682,501,1.00
683,501,1.00
684,501,1.00
680,502,0.30
681,502,0.60
682,502,1.00
683,502,1.00
684,502,1.00
685,499,0.30
685,500,0.60
685,501,1.00
685,502,1.00
681,503,0.30
682,503,0.30
683,503,0.60
684,503,1.00
685,503,1.00
686,500,0.30
687,500,0.30
686,501,0.71
687,501,0.30
686,502,1.00
687,502,0.60
686,503,1.00
687,503,1.00
683,504,0.30
684,504,0.60
685,504,1.00
686,504,1.00
687,504,1.00
688,502,0.30
688,503,0.60
688,504,1.00
684,505,0.30
685,505,1.00
686,505,1.00
687,505,1.00
688,505,1.00
684,506,0.30
685,506,0.60
686,506,1.00
687,506,1.00
688,506,1.00
689,503,0.30
689,504,0.30
689,505,0.60
689,506,1.00
685,507,0.30
686,507,0.30
687,507,0.60
688,507,1.00
689,507,1.00
690,505,0.30
691,505,0.30
690,506,0.71
691,506,0.30
690,507,1.00
691,507,0.30
687,508,0.30
688,508,0.71
689,508,1.00
690,508,1.00
691,508,0.60
687,509,0.30
688,509,0.30
689,509,0.90
690,509,1.00
691,509,1.00
692,508,0.30
693,508,0.30
692,509,1.00
693,509,0.60
689,510,0.60
690,510,1.00
691,510,1.00
692,510,1.00
693,510,0.60
689,511,0.60
690,511,1.00
691,511,1.00
692,511,1.00
693,511,0.60
689,512,0.60
690,512,1.00
691,512,1.00
692,512,1.00
693,512,0.90
689,513,0.30
690,513,0.30
691,513,0.60
692,513,1.00
693,513,1.00
694,512,0.30
695,512,0.30
694,513,1.00
695,513,0.60
691,514,0.30
692,514,1.00
693,514,1.00
694,514,1.00
695,514,1.00
691,515,0.30
692,515,0.71
693,515,1.00
694,515,1.00
695,515,1.00
691,516,0.30
692,516,0.30
693,516,0.90
694,516,1.00
695,516,1.00
696,513,0.30
697,513,0.30
696,514,1.00
697,514,0.60
696,515,1.00
697,515,0.60
696,516,1.00
697,516,0.90
693,517,0.60
694,517,1.00
695,517,1.00
696,517,1.00
697,517,1.00
693,518,0.30
694,518,0.30
695,518,0.60
696,518,1.00
697,518,1.00
698,516,0.30
699,516,0.30
698,517,1.00
699,517,0.60
698,518,1.00
699,518,1.00
695,519,0.30
696,519,1.00
697,519,1.00
698,519,1.00
699,519,1.00
695,520,0.30
696,520,0.60
697,520,1.00
698,520,1.00
699,520,1.00
700,517,0.30
700,518,0.30
700,519,0.60
700,520,1.00
696,521,0.30
697,521,0.60
698,521,1.00
699,521,1.00
700,521,1.00
701,519,0.30
701,520,0.60
701,521,1.00
697,522,0.30
698,522,1.00
699,522,1.00
700,522,1.00
701,522,1.00
697,523,0.30
698,523,0.60
699,523,1.00
700,523,1.00
701,523,1.00
702,520,0.30
702,521,0.30
702,522,0.60
702,523,1.00
698,524,0.30
699,524,0.60
700,524,1.00
701,524,1.00
702,524,1.00
703,522,0.30
703,523,0.30
703,524,0.60
699,525,0.30
700,525,1.00
701,525,1.00
702,525,1.00
703,525,1.00
699,526,0.30
700,526,0.60
701,526,1.00
702,526,1.00
703,526,1.00
704,524,0.30
704,525,0.60
704,526,1.00
700,527,0.30
701,527,1.00
702,527,1.00
703,527,1.00
704,527,1.00
700,528,0.30
701,528,0.60
702,528,1.00
703,528,1.00
704,528,1.00
705,525,0.30
705,526,0.60
705,527,1.00
705,528,1.00
701,529,0.30
702,529,1.00
703,529,1.00
704,529,1.00
705,529,1.00
706,526,0.30
706,527,0.90
706,528,1.00
706,529,1.00
702,530,0.90
703,530,1.00
704,530,1.00
705,530,1.00
706,530,1.00
702,531,0.60
703,531,1.00
704,531,1.00
705,531,1.00
706,531,1.00
702,532,0.30
703,532,0.90
704,532,1.00
705,532,1.00
706,532,1.00
707,529,1.00
707,530,1.00
707,531,1.00
707,532,1.00
703,533,0.60
704,533,1.00
705,533,1.00
706,533,1.00
707,533,1.00
703,534,0.30
704,534,0.90
705,534,0.90
706,534,0.90
707,534,0.90
708,530,1.00
708,531,1.00
708,532,0.90
708,533,0.90
708,534,0.60
708,529,0.60
707,527,0.30
708,527,0.30
707,528,0.71
708,528,0.30

690,514,1.00
691,514,1.00
692,514,0.90
693,514,0.90
694,514,0.60
690,515,1.00
691,515,1.00
692,515,1.00
693,515,1.00
694,515,0.60
690,516,1.00
691,516,1.00
692,516,1.00
693,516,1.00
694,516,0.60
690,517,1.00
691,517,1.00
692,517,1.00
693,517,1.00
694,517,0.60
690,518,1.00
691,518,1.00
692,518,0.90
693,518,0.90
694,518,0.60
689,514,0.60
689,515,1.00
689,516,1.00
689,517,1.00
689,518,0.90
687,514,0.30
688,514,0.30
687,515,0.60
688,515,1.00
687,516,1.00
688,516,1.00
687,517,1.00
688,517,1.00
687,518,1.00
688,518,1.00
685,515,0.30
686,515,0.30
685,516,0.60
686,516,1.00
685,517,1.00
686,517,1.00
685,518,1.00
686,518,1.00
685,519,1.00
686,519,1.00
687,519,1.00
688,519,0.60
689,519,0.30
684,516,0.30
684,517,1.00
684,518,1.00
684,519,1.00
684,520,1.00
685,520,1.00
686,520,1.00
687,520,0.60
688,520,0.30
683,517,0.90
683,518,1.00
683,519,1.00
683,520,1.00
683,521,1.00
684,521,1.00
685,521,1.00
686,521,0.60
687,521,0.30
682,517,0.60
682,518,1.00
682,519,1.00
682,520,1.00
682,521,1.00
681,517,0.30
681,518,1.00
681,519,1.00
681,520,1.00
681,521,1.00
681,522,1.00
682,522,1.00
683,522,1.00
684,522,0.60
685,522,0.30
680,518,0.60
680,519,1.00
680,520,1.00
680,521,1.00
680,522,1.00
679,518,0.30
679,519,1.00
679,520,1.00
679,521,1.00
679,522,1.00
679,523,1.00
680,523,1.00
681,523,1.00
682,523,1.00
683,523,0.60
678,519,0.30
678,520,1.00
678,521,1.00
678,522,1.00
678,523,1.00
678,524,1.00
679,524,1.00
680,524,1.00
681,524,0.60
682,524,0.30
677,520,0.60
677,521,1.00
677,522,1.00
677,523,1.00
677,524,1.00
676,520,0.30
676,521,1.00
676,522,1.00
676,523,1.00
676,524,1.00
676,525,1.00
677,525,1.00
678,525,1.00
679,525,1.00
680,525,0.30
675,521,1.00
675,522,1.00
675,523,1.00
675,524,1.00
675,525,1.00
674,521,0.90
674,522,1.00
674,523,1.00
674,524,1.00
674,525,1.00
673,522,0.90
673,523,1.00
673,524,1.00
673,525,1.00
673,526,1.00
674,526,1.00
675,526,1.00
676,526,1.00
677,526,0.30
672,522,0.60
672,523,1.00
672,524,1.00
672,525,1.00
672,526,1.00
672,527,1.00
673,527,1.00
674,527,1.00
675,527,1.00
676,527,0.30
671,523,0.90
671,524,1.00
671,525,1.00
671,526,1.00
671,527,1.00
671,528,1.00
672,528,1.00
673,528,1.00
674,528,1.00
675,528,0.30
670,524,1.00
670,525,1.00
670,526,1.00
670,527,1.00
670,528,1.00
670,529,1.00
671,529,1.00
672,529,1.00
673,529,1.00
674,529,0.90
669,526,1.00
669,527,1.00
669,528,1.00
669,529,1.00
669,530,1.00
670,530,1.00
671,530,1.00
672,530,1.00
673,530,1.00
668,526,1.00
668,527,1.00
668,528,1.00
668,529,1.00
668,530,1.00
667,526,0.30
667,527,1.00
667,528,1.00
667,529,1.00
667,530,1.00
667,531,1.00
668,531,1.00
669,531,1.00
670,531,1.00
671,531,0.90
666,527,0.30
666,528,1.00
666,529,1.00
666,530,1.00
666,531,1.00
666,532,1.00
667,532,1.00
668,532,1.00
669,532,1.00
670,532,1.00
666,533,1.00
667,533,1.00
668,533,1.00
669,533,0.90
670,533,0.60
665,530,1.00
665,531,1.00
665,532,1.00
665,533,1.00
665,534,1.00
666,534,1.00
667,534,1.00
668,534,0.90
669,534,0.30
664,530,1.00
664,531,1.00
664,532,1.00
664,533,1.00
664,534,1.00
663,530,0.90
663,531,1.00
663,532,1.00
663,533,1.00
663,534,1.00
663,535,1.00
664,535,1.00
665,535,1.00
666,535,1.00
667,535,0.60
662,531,0.60
662,532,0.60
662,533,0.60
662,534,0.60
662,535,0.60

611,514,1.00
612,514,1.00
613,514,1.00
614,514,1.00
615,514,0.90
611,515,1.00
612,515,1.00
613,515,1.00
614,515,1.00
615,515,0.90
611,516,1.00
612,516,1.00
613,516,1.00
614,516,1.00
615,516,0.90
611,517,1.00
612,517,1.00
613,517,1.00
614,517,1.00
615,517,0.90
611,518,1.00
612,518,1.00
613,518,1.00
614,518,1.00
615,518,0.90
610,514,1.00
610,515,1.00
610,516,1.00
610,517,1.00
610,518,1.00
608,514,1.00
609,514,0.90
608,515,1.00
609,515,1.00
608,516,1.00
609,516,1.00
608,517,1.00
609,517,1.00
608,518,1.00
609,518,0.90
607,514,0.90
607,515,1.00
607,516,1.00
607,517,1.00
607,518,0.90
606,514,1.00
606,515,1.00
606,516,1.00
606,517,1.00
606,518,1.00
604,514,1.00
605,514,1.00
604,515,1.00
605,515,1.00
604,516,1.00
605,516,1.00
604,517,1.00
605,517,1.00
604,518,1.00
605,518,1.00
602,514,1.00
603,514,1.00
602,515,1.00
603,515,1.00
602,516,1.00
603,516,1.00
602,517,1.00
603,517,1.00
602,518,1.00
603,518,1.00
601,514,1.00
601,515,1.00
601,516,1.00
601,517,1.00
601,518,1.00
600,514,1.00
600,515,1.00
600,516,1.00
600,517,1.00
600,518,1.00
599,514,1.00
599,515,1.00
599,516,1.00
599,517,1.00
599,518,1.00
598,514,1.00
598,515,1.00
598,516,1.00
598,517,1.00
598,518,1.00
597,514,1.00
597,515,1.00
597,516,1.00
597,517,1.00
597,518,1.00
596,514,1.00
596,515,1.00
596,516,1.00
596,517,1.00
596,518,1.00
595,514,1.00
595,515,1.00
595,516,1.00
595,517,1.00
595,518,1.00
594,514,0.90
594,515,1.00
594,516,1.00
594,517,1.00
594,518,1.00
593,515,0.60
593,516,1.00
593,517,1.00
593,518,1.00
593,519,1.00
594,519,1.00
595,519,1.00
596,519,1.00
597,519,1.00
593,520,1.00
594,520,1.00
595,520,1.00
596,520,1.00
597,520,1.00
593,521,1.00
594,521,1.00
595,521,1.00
596,521,1.00
597,521,0.90
592,517,0.30
592,518,0.60
592,519,0.90
592,520,1.00
592,521,1.00
592,522,1.00
593,522,1.00
594,522,1.00
595,522,1.00
596,522,0.30
591,519,0.30
591,520,0.60
591,521,1.00
591,522,1.00
591,523,1.00
592,523,1.00
593,523,1.00
594,523,1.00
595,523,0.90
591,524,1.00
592,524,1.00
593,524,1.00
594,524,1.00
595,524,0.60
591,525,1.00
592,525,1.00
593,525,1.00
594,525,0.90
595,525,0.30
590,521,0.30
590,522,0.60
590,523,0.90
590,524,1.00
590,525,1.00
590,526,1.00
591,526,1.00
592,526,1.00
593,526,1.00
594,526,0.30
589,523,0.30
589,524,0.30
589,525,0.60
589,526,0.90
589,527,1.00
590,527,1.00
591,527,1.00
592,527,1.00
593,527,1.00
589,528,0.90
590,528,1.00
591,528,1.00
592,528,1.00
593,528,0.90
589,529,0.90
590,529,1.00
591,529,1.00
592,529,1.00
593,529,0.90
589,530,0.60
590,530,1.00
591,530,1.00
592,530,1.00
593,530,0.60
589,531,0.30
590,531,0.30
591,531,0.30
592,531,0.30
593,531,0.30

664,530,1.00
665,530,1.00
666,530,1.00
667,530,0.90
668,530,0.30
664,531,1.00
665,531,1.00
666,531,1.00
667,531,1.00
668,531,0.30
664,532,1.00
665,532,1.00
666,532,1.00
667,532,1.00
668,532,0.30
664,533,1.00
665,533,1.00
666,533,1.00
667,533,1.00
668,533,0.30
664,534,1.00
665,534,1.00
666,534,1.00
667,534,0.90
668,534,0.30
663,530,1.00
663,531,1.00
663,532,1.00
663,533,1.00
663,534,1.00
662,530,1.00
662,531,1.00
662,532,1.00
662,533,1.00
662,534,1.00
661,530,1.00
661,531,1.00
661,532,1.00
661,533,1.00
661,534,1.00
660,530,1.00
660,531,1.00
660,532,1.00
660,533,1.00
660,534,1.00
659,530,0.90
659,531,1.00
659,532,1.00
659,533,1.00
659,534,1.00
658,530,0.60
658,531,1.00
658,532,1.00
658,533,1.00
658,534,1.00
658,535,1.00
659,535,1.00
660,535,1.00
661,535,1.00
662,535,0.30
657,531,1.00
657,532,1.00
657,533,1.00
657,534,1.00
657,535,1.00
657,536,0.30
658,536,0.30
659,536,0.30
660,536,0.30
661,536,0.30

