506,650,1.00
507,650,1.00
508,650,1.00
509,650,1.00
510,650,1.00
511,650,0.60
512,650,0.30
506,651,1.00
507,651,1.00
508,651,1.00
509,651,1.00
510,651,1.00
511,651,0.68
512,651,0.30
506,652,1.00
507,652,1.00
508,652,1.00
509,652,1.00
510,652,1.00
511,652,0.96
512,652,0.30
506,653,1.00
507,653,1.00
508,653,1.00
509,653,1.00
510,653,1.00
511,653,1.00
512,653,0.30
506,654,1.00
507,654,1.00
508,654,1.00
509,654,1.00
510,654,1.00
511,654,0.96
512,654,0.30
506,655,1.00
507,655,1.00
508,655,1.00
509,655,1.00
510,655,1.00
511,655,0.68
512,655,0.30
506,656,1.00
507,656,1.00
508,656,1.00
509,656,1.00
510,656,1.00
511,656,0.60
512,656,0.30
505,650,1.00
505,651,1.00
505,652,1.00
505,653,1.00
505,654,1.00
505,655,1.00
505,656,1.00
504,650,1.00
504,651,1.00
504,652,1.00
504,653,1.00
504,654,1.00
504,655,1.00
504,656,1.00
503,650,1.00
503,651,1.00
503,652,1.00
503,653,1.00
503,654,1.00
503,655,0.60
503,656,0.30
502,649,1.00
503,649,1.00
504,649,1.00
505,649,1.00
506,649,1.00
507,649,0.90
508,649,0.30
502,650,1.00
502,651,1.00
502,652,1.00
502,653,1.00
502,654,0.90
502,655,0.30
501,648,1.00
502,648,1.00
503,648,1.00
504,648,1.00
505,648,0.90
506,648,0.60
507,648,0.60
501,649,1.00
501,650,1.00
501,651,1.00
501,652,0.90
501,653,0.60
501,654,0.60
499,646,1.00
500,646,1.00
501,646,1.00
502,646,1.00
503,646,1.00
504,646,0.60
505,646,0.30
499,647,1.00
500,647,1.00
501,647,1.00
502,647,1.00
503,647,1.00
504,647,0.68
505,647,0.30
499,648,0.98
500,648,1.00
499,649,0.60
500,649,1.00
499,650,0.30
500,650,0.66
499,651,0.30
500,651,0.38
499,652,0.30
500,652,0.30
498,643,1.00
499,643,1.00
500,643,1.00
501,643,1.00
502,643,1.00
503,643,1.00
504,643,0.30
498,644,1.00
499,644,1.00
500,644,1.00
501,644,1.00
502,644,1.00
503,644,1.00
504,644,0.30
498,645,1.00
499,645,1.00
500,645,1.00
501,645,1.00
502,645,1.00
503,645,1.00
504,645,0.30
498,646,1.00
498,647,0.68
498,648,0.60
498,649,0.30
497,642,1.00
498,642,1.00
499,642,1.00
500,642,1.00
501,642,1.00
502,642,1.00
503,642,1.00
497,643,1.00
497,644,1.00
497,645,1.00
497,646,0.60
497,647,0.30
497,648,0.30
497,640,1.00
498,640,1.00
499,640,1.00
500,640,1.00
501,640,1.00
502,640,1.00
503,640,1.00
497,641,1.00
498,641,1.00
499,641,1.00
500,641,1.00
501,641,1.00
502,641,1.00
503,641,1.00
497,639,1.00
498,639,1.00
499,639,1.00
500,639,1.00
501,639,1.00
502,639,1.00
503,639,1.00
497,638,0.90
498,638,1.00
499,638,1.00
500,638,1.00
501,638,1.00
502,638,1.00
503,638,1.00
497,636,0.60
498,636,1.00
499,636,1.00
500,636,1.00
501,636,1.00
502,636,1.00
503,636,1.00
497,637,0.60
498,637,1.00
499,637,1.00
500,637,1.00
501,637,1.00
502,637,1.00
503,637,0.98
497,634,0.30
498,634,0.60
499,634,1.00
500,634,1.00
501,634,1.00
502,634,1.00
503,634,1.00
497,635,0.30
498,635,0.68
499,635,1.00
500,635,1.00
501,635,1.00
502,635,1.00
503,635,1.00
498,632,0.30
499,632,0.60
500,632,1.00
501,632,1.00
502,632,1.00
503,632,1.00
504,632,1.00
498,633,0.30
499,633,0.68
500,633,1.00
501,633,1.00
502,633,1.00
503,633,1.00
504,633,1.00
504,634,0.98
504,635,0.60
504,636,0.30
504,637,0.30
504,638,0.30
499,629,0.30
500,629,0.60
501,629,0.98
502,629,1.00
503,629,1.00
504,629,1.00
505,629,1.00
499,630,0.30
500,630,0.68
501,630,1.00
502,630,1.00
503,630,1.00
504,630,1.00
505,630,1.00
499,631,0.30
500,631,0.96
501,631,1.00
502,631,1.00
503,631,1.00
504,631,1.00
505,631,1.00
505,632,1.00
505,633,0.68
505,634,0.60
505,635,0.30
500,628,0.30
501,628,0.60
502,628,0.96
503,628,1.00
504,628,1.00
505,628,1.00
506,628,1.00
506,629,1.00
506,630,1.00
506,631,0.98
506,632,0.60
506,633,0.30
506,634,0.30
501,626,0.30
502,626,0.30
503,626,0.60
504,626,0.98
505,626,1.00
506,626,1.00
507,626,1.00
501,627,0.30
502,627,0.38
503,627,0.96
504,627,1.00
505,627,1.00
506,627,1.00
507,627,1.00
507,628,1.00
507,629,1.00
507,630,1.00
507,631,0.60
507,632,0.30
503,625,0.30
504,625,0.60
505,625,0.98
506,625,1.00
507,625,1.00
508,625,1.00
509,625,1.00
508,626,1.00
509,626,1.00
508,627,1.00
509,627,1.00
508,628,1.00
509,628,1.00
508,629,1.00
509,629,1.00
508,630,0.68
509,630,0.60
508,631,0.30
509,631,0.30
504,624,0.30
505,624,0.60
506,624,1.00
507,624,1.00
508,624,1.00
509,624,1.00
510,624,1.00
510,625,1.00
510,626,1.00
510,627,1.00
510,628,1.00
510,629,1.00
510,630,0.30
505,623,0.30
506,623,0.90
507,623,1.00
508,623,1.00
509,623,1.00
510,623,1.00
511,623,1.00
511,624,1.00
511,625,1.00
511,626,1.00
511,627,1.00
511,628,1.00
511,629,1.00
512,623,1.00
512,624,1.00
512,625,1.00
512,626,1.00
512,627,1.00
512,628,1.00
512,629,1.00
513,623,1.00
513,624,1.00
513,625,1.00
513,626,1.00
513,627,1.00
513,628,1.00
513,629,1.00
514,623,1.00
514,624,1.00
514,625,1.00
514,626,1.00
514,627,1.00
514,628,1.00
514,629,1.00
515,623,1.00
515,624,1.00
515,625,1.00
515,626,1.00
515,627,1.00
515,628,1.00
515,629,1.00
516,623,1.00
516,624,1.00
516,625,1.00
516,626,1.00
516,627,1.00
516,628,1.00
516,629,1.00
517,623,1.00
518,623,1.00
517,624,1.00
518,624,1.00
517,625,1.00
518,625,1.00
517,626,1.00
518,626,1.00
517,627,1.00
518,627,1.00
517,628,1.00
518,628,1.00
517,629,1.00
518,629,1.00
519,623,0.90
519,624,1.00
519,625,1.00
519,626,1.00
519,627,1.00
519,628,1.00
519,629,1.00
520,623,0.60
521,623,0.60
520,624,1.00
521,624,0.98
520,625,1.00
521,625,1.00
520,626,1.00
521,626,1.00
520,627,1.00
521,627,1.00
520,628,1.00
521,628,1.00
520,629,1.00
521,629,1.00
522,623,0.30
522,624,0.60
522,625,1.00
522,626,1.00
522,627,1.00
522,628,1.00
522,629,1.00
523,624,0.30
524,624,0.30
523,625,0.68
524,625,0.60
523,626,1.00
524,626,1.00
523,627,1.00
524,627,1.00
523,628,1.00
524,628,1.00
523,629,1.00
524,629,1.00
518,630,0.30
519,630,0.30
520,630,0.60
521,630,0.68
522,630,1.00
523,630,1.00
524,630,1.00
525,625,0.30
526,625,0.30
525,626,0.68
526,626,0.60
525,627,1.00
526,627,1.00
525,628,1.00
526,628,1.00
525,629,1.00
526,629,1.00
525,630,1.00
526,630,1.00
520,631,0.30
521,631,0.30
522,631,0.60
523,631,0.98
524,631,1.00
525,631,1.00
526,631,1.00
527,626,0.30
528,626,0.30
527,627,0.68
528,627,0.60
527,628,1.00
528,628,0.68
527,629,1.00
528,629,1.00
527,630,1.00
528,630,1.00
527,631,1.00
528,631,1.00
522,632,0.30
523,632,0.60
524,632,0.98
525,632,1.00
526,632,1.00
527,632,1.00
528,632,1.00
529,627,0.30
529,628,0.30
529,629,0.60
529,630,0.98
529,631,1.00
529,632,1.00
523,633,0.30
524,633,0.60
525,633,1.00
526,633,1.00
527,633,1.00
528,633,1.00
529,633,1.00
530,629,0.30
530,630,0.60
530,631,0.68
530,632,1.00
530,633,1.00
524,634,0.30
525,634,0.98
526,634,1.00
527,634,1.00
528,634,1.00
529,634,1.00
530,634,1.00
524,635,0.30
525,635,0.90
526,635,1.00
527,635,1.00
528,635,1.00
529,635,1.00
530,635,1.00
531,630,0.30
531,631,0.30
531,632,0.60
531,633,0.60
531,634,0.60
531,635,0.90
525,636,0.60
526,636,1.00
527,636,1.00
528,636,1.00
529,636,1.00
530,636,1.00
531,636,0.98
525,637,0.30
526,637,0.68
527,637,1.00
528,637,1.00
529,637,1.00
530,637,1.00
531,637,0.96
525,638,0.30
526,638,0.60
527,638,1.00
528,638,1.00
529,638,1.00
530,638,1.00
531,638,1.00
532,635,0.30
532,636,0.30
532,637,0.30
532,638,0.30
526,639,0.30
527,639,0.66
528,639,1.00
529,639,1.00
530,639,1.00
531,639,0.96
532,639,0.60
526,640,0.30
527,640,0.38
528,640,0.96
529,640,1.00
530,640,1.00
531,640,1.00
532,640,0.96
526,641,0.30
527,641,0.30
528,641,0.60
529,641,0.96
530,641,1.00
531,641,1.00
532,641,1.00
533,639,0.30
534,639,0.30
533,640,0.38
534,640,0.30
533,641,0.66
534,641,0.30
528,642,0.30
529,642,0.77
530,642,1.00
531,642,1.00
532,642,1.00
533,642,0.77
534,642,0.30
528,643,0.30
529,643,0.96
530,643,1.00
531,643,1.00
532,643,1.00
533,643,0.96
534,643,0.60
528,644,0.30
529,644,0.68
530,644,1.00
531,644,1.00
532,644,1.00
533,644,1.00
534,644,0.68
528,645,0.30
529,645,0.60
530,645,0.96
531,645,1.00
532,645,1.00
533,645,1.00
534,645,0.96
535,643,0.30
535,644,0.30
535,645,0.30
529,646,0.30
530,646,0.77
531,646,1.00
532,646,1.00
533,646,1.00
534,646,0.77
535,646,0.30
529,647,0.30
530,647,0.66
531,647,1.00
532,647,1.00
533,647,1.00
534,647,0.96
535,647,0.60
529,648,0.30
530,648,0.38
531,648,0.96
532,648,1.00
533,648,1.00
534,648,1.00
535,648,0.96
529,649,0.30
530,649,0.30
531,649,0.60
532,649,0.96
533,649,1.00
534,649,1.00
535,649,1.00
536,647,0.30
537,647,0.30
536,648,0.38
537,648,0.30
536,649,0.66
537,649,0.30
531,650,0.30
532,650,1.00
533,650,1.00
534,650,1.00
535,650,1.00
536,650,1.00
537,650,0.60
531,651,0.30
532,651,0.96
533,651,1.00
534,651,1.00
535,651,1.00
536,651,1.00
537,651,0.68
531,652,0.30
532,652,0.68
533,652,1.00
534,652,1.00
535,652,1.00
536,652,1.00
537,652,0.96
531,653,0.30
532,653,0.60
533,653,1.00
534,653,1.00
535,653,1.00
536,653,1.00
537,653,1.00
538,650,0.30
538,651,0.30
538,652,0.30
538,653,0.30
532,654,0.30
533,654,0.96
534,654,1.00
535,654,1.00
536,654,1.00
537,654,0.96
538,654,0.60
532,655,0.30
533,655,0.68
534,655,1.00
535,655,1.00
536,655,1.00
537,655,1.00
538,655,0.68
532,656,0.30
533,656,0.60
534,656,0.96
535,656,1.00
536,656,1.00
537,656,1.00
538,656,0.96
539,654,0.30
539,655,0.30
539,656,0.30
533,657,0.30
534,657,0.77
535,657,1.00
536,657,1.00
537,657,1.00
538,657,0.77
539,657,0.30
533,658,0.30
534,658,0.96
535,658,1.00
536,658,1.00
537,658,1.00
538,658,0.96
539,658,0.60
533,659,0.30
534,659,0.68
535,659,1.00
536,659,1.00
537,659,1.00
538,659,1.00
539,659,0.68
533,660,0.30
534,660,0.60
535,660,0.96
536,660,1.00
537,660,1.00
538,660,1.00
539,660,0.96
540,658,0.30
540,659,0.30
540,660,0.30
534,661,0.30
535,661,0.77
536,661,1.00
537,661,1.00
538,661,1.00
539,661,0.77
540,661,0.30
534,662,0.30
535,662,0.66
536,662,1.00
537,662,1.00
538,662,1.00
539,662,0.66
540,662,0.30
534,663,0.30
535,663,0.68
536,663,0.96
537,663,1.00
538,663,0.96
539,663,0.68
540,663,0.60
534,664,0.30
535,664,0.60
536,664,0.68
537,664,0.96
538,664,1.00
539,664,0.96
540,664,0.68
541,663,0.30
541,664,0.30
535,665,0.30
536,665,0.66
537,665,1.00
538,665,1.00
539,665,1.00
540,665,0.66
541,665,0.30
535,666,0.30
536,666,0.77
537,666,1.00
538,666,1.00
539,666,1.00
540,666,0.77
541,666,0.30
535,667,0.30
536,667,0.96
537,667,1.00
538,667,1.00
539,667,1.00
540,667,0.96
541,667,0.60
535,668,0.30
536,668,0.68
537,668,1.00
538,668,1.00
539,668,1.00
540,668,1.00
541,668,0.68
535,669,0.30
536,669,0.60
537,669,0.96
538,669,1.00
539,669,1.00
540,669,1.00
541,669,0.96
542,667,0.30
542,668,0.30
542,669,0.30
536,670,0.30
537,670,0.77
538,670,1.00
539,670,1.00
540,670,1.00
541,670,0.77
542,670,0.30
536,671,0.30
537,671,0.66
538,671,1.00
539,671,1.00
540,671,1.00
541,671,0.66
542,671,0.30
536,672,0.30
537,672,0.68
538,672,0.96
539,672,1.00
540,672,0.96
541,672,0.68
542,672,0.60
536,673,0.30
537,673,0.60
538,673,0.68
539,673,0.96
540,673,1.00
541,673,0.96
542,673,0.68
543,672,0.30
543,673,0.30
537,674,0.30
538,674,0.66
539,674,1.00
540,674,1.00
541,674,1.00
542,674,0.66
543,674,0.30
537,675,0.30
538,675,0.77
539,675,1.00
540,675,1.00
541,675,1.00
542,675,0.77
543,675,0.30
537,676,0.30
538,676,0.96
539,676,1.00
540,676,1.00
541,676,1.00
542,676,0.96
543,676,0.60
537,677,0.30
538,677,0.68
539,677,1.00
540,677,1.00
541,677,1.00
542,677,1.00
543,677,0.68
537,678,0.30
538,678,0.60
539,678,0.96
540,678,1.00
541,678,1.00
542,678,1.00
543,678,0.96
544,676,0.30
544,677,0.30
544,678,0.30
538,679,0.30
539,679,0.77
540,679,1.00
541,679,1.00
542,679,1.00
543,679,0.77
544,679,0.30
538,680,0.60
539,680,0.96
540,680,1.00
541,680,1.00
542,680,1.00
543,680,0.96
544,680,0.60
538,681,0.60
539,681,0.76
540,681,1.00
541,681,1.00
542,681,1.00
543,681,0.76
544,681,0.60
538,682,0.60
539,682,0.96
540,682,1.00
541,682,1.00
542,682,1.00
543,682,0.96
544,682,0.60
538,683,0.30
539,683,0.77
540,683,1.00
541,683,1.00
542,683,1.00
543,683,0.77
544,683,0.30
538,684,0.30
539,684,0.96
540,684,1.00
541,684,1.00
542,684,1.00
543,684,0.96
544,684,0.60
538,685,0.30
539,685,0.68
540,685,1.00
541,685,1.00
542,685,1.00
543,685,1.00
544,685,0.68
538,686,0.30
539,686,0.60
540,686,0.96
541,686,1.00
542,686,1.00
543,686,1.00
544,686,0.96
545,684,0.30
545,685,0.30
545,686,0.30
539,687,0.30
540,687,0.77
541,687,1.00
542,687,1.00
543,687,1.00
544,687,0.77
545,687,0.30
539,688,0.30
540,688,0.66
541,688,1.00
542,688,1.00
543,688,1.00
544,688,0.66
545,688,0.30
539,689,0.30
540,689,0.68
541,689,0.96
542,689,1.00
543,689,0.96
544,689,0.68
545,689,0.60
539,690,0.30
540,690,0.60
541,690,0.68
542,690,0.96
543,690,1.00
544,690,0.96
545,690,0.68
546,689,0.60
546,690,0.60
540,691,0.30
541,691,0.66
542,691,1.00
543,691,1.00
544,691,1.00
545,691,0.66
546,691,0.60
540,692,0.30
541,692,1.00
542,692,1.00
543,692,1.00
544,692,1.00
545,692,1.00
546,692,1.00
540,693,0.30
541,693,1.00
542,693,1.00
543,693,1.00
544,693,1.00
545,693,1.00
546,693,1.00
540,694,0.30
541,694,0.98
542,694,1.00
543,694,1.00
544,694,1.00
545,694,1.00
546,694,1.00
540,695,0.30
541,695,1.00
542,695,1.00
543,695,1.00
544,695,1.00
545,695,1.00
546,695,1.00
547,692,1.00
547,693,1.00
547,694,1.00
547,695,1.00
541,696,1.00
542,696,1.00
543,696,1.00
544,696,1.00
545,696,1.00
546,696,1.00
547,696,1.00
541,697,1.00
542,697,1.00
543,697,1.00
544,697,1.00
545,697,1.00
546,697,1.00
547,697,1.00
541,698,1.00
542,698,1.00
543,698,1.00
544,698,1.00
545,698,1.00
546,698,1.00
547,698,1.00
541,699,1.00
542,699,1.00
543,699,1.00
544,699,1.00
545,699,1.00
546,699,1.00
547,699,1.00
541,700,1.00
542,700,1.00
543,700,1.00
544,700,1.00
545,700,1.00
546,700,1.00
547,700,1.00
541,701,1.00
542,701,1.00
543,701,1.00
544,701,1.00
545,701,1.00
546,701,1.00
547,701,1.00
548,695,1.00
548,696,1.00
548,697,1.00
548,698,1.00
548,699,1.00
548,700,1.00
548,701,1.00
542,702,1.00
543,702,1.00
544,702,1.00
545,702,1.00
546,702,1.00
547,702,1.00
548,702,1.00
548,693,1.00
549,693,1.00
548,694,1.00
549,694,1.00
549,695,1.00
549,696,0.96
549,697,0.68
549,698,0.60
549,699,0.30
548,692,1.00
549,692,1.00
550,692,1.00
550,693,1.00
550,694,0.96
550,695,0.60
550,696,0.30
550,697,0.30
550,698,0.30
547,689,0.30
548,689,0.60
549,689,1.00
550,689,1.00
551,689,1.00
552,689,1.00
547,690,0.38
548,690,0.96
549,690,1.00
550,690,1.00
551,690,1.00
552,690,1.00
547,691,0.66
548,691,1.00
549,691,1.00
550,691,1.00
551,691,1.00
552,691,0.96
551,692,1.00
552,692,0.60
551,693,0.66
552,693,0.30
551,694,0.38
552,694,0.30
551,695,0.30
552,695,0.30
548,686,0.30
549,686,0.30
550,686,0.30
551,686,0.60
552,686,1.00
553,686,1.00
554,686,1.00
548,687,0.30
549,687,0.38
550,687,0.66
551,687,1.00
552,687,1.00
553,687,1.00
554,687,1.00
548,688,0.30
549,688,0.66
550,688,1.00
551,688,1.00
552,688,1.00
553,688,1.00
554,688,1.00
553,689,1.00
554,689,1.00
553,690,0.96
554,690,0.60
553,691,0.38
554,691,0.30
553,692,0.30
554,692,0.30
551,684,0.30
552,684,0.60
553,684,1.00
554,684,1.00
555,684,1.00
556,684,1.00
557,684,1.00
551,685,0.30
552,685,0.68
553,685,1.00
554,685,1.00
555,685,1.00
556,685,1.00
557,685,1.00
555,686,1.00
556,686,1.00
557,686,0.68
555,687,1.00
556,687,1.00
557,687,0.60
555,688,1.00
556,688,0.66
557,688,0.30
555,689,0.66
556,689,0.38
557,689,0.30
555,690,0.30
556,690,0.30
557,690,0.30
552,681,0.30
553,681,0.30
554,681,0.60
555,681,1.00
556,681,1.00
557,681,1.00
558,681,1.00
552,682,0.30
553,682,0.38
554,682,0.96
555,682,1.00
556,682,1.00
557,682,1.00
558,682,1.00
552,683,0.30
553,683,0.66
554,683,1.00
555,683,1.00
556,683,1.00
557,683,1.00
558,683,1.00
558,684,0.96
558,685,0.60
558,686,0.30
558,687,0.30
554,679,0.30
555,679,0.60
556,679,1.00
557,679,1.00
558,679,1.00
559,679,1.00
560,679,1.00
554,680,0.30
555,680,0.68
556,680,1.00
557,680,1.00
558,680,1.00
559,680,1.00
560,680,1.00
559,681,1.00
560,681,1.00
559,682,1.00
560,682,0.98
559,683,0.96
560,683,0.60
559,684,0.38
560,684,0.30
559,685,0.30
560,685,0.30
555,677,0.30
556,677,1.00
557,677,1.00
558,677,1.00
559,677,1.00
560,677,1.00
561,677,1.00
555,678,0.30
556,678,1.00
557,678,1.00
558,678,1.00
559,678,1.00
560,678,1.00
561,678,1.00
561,679,1.00
561,680,1.00
561,681,1.00
561,682,0.60
561,683,0.30
556,676,0.90
557,676,1.00
558,676,1.00
559,676,1.00
560,676,1.00
561,676,1.00
562,676,1.00
562,677,1.00
562,678,1.00
562,679,1.00
562,680,1.00
562,681,1.00
562,682,0.30
556,675,0.60
557,675,0.90
558,675,0.90
559,675,1.00
560,675,1.00
561,675,1.00
562,675,1.00
563,675,1.00
563,676,1.00
563,677,1.00
563,678,1.00
563,679,0.96
563,680,0.60
563,681,0.30
559,674,0.30
560,674,0.60
561,674,1.00
562,674,1.00
563,674,1.00
564,674,1.00
565,674,1.00
564,675,1.00
565,675,1.00
564,676,1.00
565,676,0.68
564,677,1.00
565,677,0.60
564,678,0.66
565,678,0.30
564,679,0.38
565,679,0.30
564,680,0.30
565,680,0.30
560,671,0.30
561,671,0.30
562,671,0.30
563,671,0.60
564,671,0.96
565,671,1.00
566,671,1.00
560,672,0.30
561,672,0.38
562,672,0.66
563,672,1.00
564,672,1.00
565,672,1.00
566,672,1.00
560,673,0.30
561,673,0.66
562,673,1.00
563,673,1.00
564,673,1.00
565,673,1.00
566,673,1.00
566,674,1.00
566,675,0.60
566,676,0.30
566,677,0.30
563,669,0.30
564,669,0.30
565,669,0.60
566,669,1.00
567,669,1.00
568,669,1.00
569,669,1.00
563,670,0.30
564,670,0.38
565,670,0.96
566,670,1.00
567,670,1.00
568,670,1.00
569,670,1.00
567,671,1.00
568,671,1.00
569,671,1.00
567,672,1.00
568,672,1.00
569,672,1.00
567,673,1.00
568,673,0.96
569,673,0.60
567,674,0.66
568,674,0.38
569,674,0.30
567,675,0.30
568,675,0.30
569,675,0.30
565,667,0.30
566,667,0.60
567,667,1.00
568,667,1.00
569,667,1.00
570,667,1.00
571,667,1.00
565,668,0.30
566,668,0.68
567,668,1.00
568,668,1.00
569,668,1.00
570,668,1.00
571,668,1.00
570,669,1.00
571,669,1.00
570,670,1.00
571,670,1.00
570,671,1.00
571,671,1.00
570,672,1.00
571,672,1.00
570,673,0.30
571,673,0.30
566,666,0.30
567,666,1.00
568,666,1.00
569,666,1.00
570,666,1.00
571,666,1.00
572,666,1.00
572,667,1.00
572,668,1.00
572,669,1.00
572,670,1.00
572,671,1.00
572,672,1.00
573,666,0.90
573,667,0.90
573,668,0.90
573,669,0.90
573,670,0.90
573,671,0.90
573,672,0.90

557,571,1.00
558,571,1.00
559,571,1.00
560,571,1.00
561,571,1.00
562,571,1.00
563,571,0.60
557,572,1.00
558,572,1.00
559,572,1.00
560,572,1.00
561,572,1.00
562,572,1.00
563,572,0.90
557,573,1.00
558,573,1.00
559,573,1.00
560,573,1.00
561,573,1.00
562,573,1.00
563,573,0.98
557,574,1.00
558,574,1.00
559,574,1.00
560,574,1.00
561,574,1.00
562,574,1.00
563,574,1.00
557,575,1.00
558,575,1.00
559,575,1.00
560,575,1.00
561,575,1.00
562,575,1.00
563,575,1.00
557,576,1.00
558,576,1.00
559,576,1.00
560,576,1.00
561,576,1.00
562,576,1.00
563,576,1.00
557,577,1.00
558,577,1.00
559,577,1.00
560,577,1.00
561,577,1.00
562,577,1.00
563,577,1.00
556,571,1.00
556,572,1.00
556,573,1.00
556,574,1.00
556,575,1.00
556,576,1.00
556,577,1.00
555,571,1.00
555,572,1.00
555,573,1.00
555,574,1.00
555,575,1.00
555,576,1.00
555,577,1.00
554,571,1.00
554,572,1.00
554,573,1.00
554,574,1.00
554,575,1.00
554,576,1.00
554,577,1.00
553,571,1.00
553,572,1.00
553,573,1.00
553,574,1.00
553,575,1.00
553,576,1.00
553,577,1.00
552,571,1.00
552,572,1.00
552,573,1.00
552,574,1.00
552,575,1.00
552,576,1.00
552,577,1.00
551,571,0.90
551,572,1.00
551,573,1.00
551,574,1.00
551,575,1.00
551,576,1.00
551,577,1.00
551,578,1.00
552,578,1.00
553,578,1.00
554,578,1.00
555,578,1.00
556,578,1.00
557,578,1.00
551,579,1.00
552,579,1.00
553,579,1.00
554,579,1.00
555,579,1.00
556,579,1.00
557,579,1.00
551,580,1.00
552,580,1.00
553,580,1.00
554,580,1.00
555,580,1.00
556,580,1.00
557,580,0.60
551,581,1.00
552,581,1.00
553,581,1.00
554,581,1.00
555,581,1.00
556,581,0.90
557,581,0.30
550,577,1.00
550,578,1.00
550,579,1.00
550,580,1.00
550,581,1.00
550,582,1.00
551,582,1.00
552,582,1.00
553,582,1.00
554,582,1.00
555,582,0.68
556,582,0.30
550,583,1.00
551,583,1.00
552,583,1.00
553,583,1.00
554,583,1.00
555,583,0.60
556,583,0.30
549,580,1.00
549,581,1.00
549,582,1.00
549,583,0.90
549,584,0.60
550,584,0.96
551,584,1.00
552,584,1.00
553,584,1.00
554,584,0.96
555,584,0.30
549,585,0.68
550,585,1.00
551,585,1.00
552,585,1.00
553,585,1.00
554,585,0.68
555,585,0.30
549,586,0.96
550,586,1.00
551,586,1.00
552,586,1.00
553,586,0.96
554,586,0.60
555,586,0.30
548,584,0.30
548,585,0.30
548,586,0.30
548,587,0.30
549,587,0.77
550,587,1.00
551,587,1.00
552,587,1.00
553,587,0.77
554,587,0.30
548,588,0.60
549,588,0.96
550,588,1.00
551,588,1.00
552,588,1.00
553,588,0.96
554,588,0.30
548,589,0.68
549,589,1.00
550,589,1.00
551,589,1.00
552,589,1.00
553,589,0.68
554,589,0.30
548,590,0.96
549,590,1.00
550,590,1.00
551,590,1.00
552,590,0.96
553,590,0.60
554,590,0.30
547,588,0.30
547,589,0.30
547,590,0.30
547,591,0.60
548,591,1.00
549,591,1.00
550,591,1.00
551,591,1.00
552,591,1.00
553,591,0.60
547,592,0.60
548,592,1.00
549,592,1.00
550,592,1.00
551,592,1.00
552,592,1.00
553,592,0.60
547,593,0.60
548,593,1.00
549,593,1.00
550,593,1.00
551,593,1.00
552,593,1.00
553,593,0.60
547,594,0.60
548,594,1.00
549,594,1.00
550,594,1.00
551,594,1.00
552,594,1.00
553,594,0.60
547,595,0.60
548,595,0.96
549,595,1.00
550,595,1.00
551,595,1.00
552,595,0.96
553,595,0.60
547,596,0.60
548,596,0.76
549,596,1.00
550,596,1.00
551,596,1.00
552,596,0.76
553,596,0.60
547,597,0.60
548,597,0.96
549,597,1.00
550,597,1.00
551,597,1.00
552,597,0.96
553,597,0.60
547,598,0.30
548,598,0.77
549,598,1.00
550,598,1.00
551,598,1.00
552,598,0.77
553,598,0.30
547,599,0.60
548,599,0.96
549,599,1.00
550,599,1.00
551,599,1.00
552,599,0.96
553,599,0.60
547,600,0.60
548,600,0.76
549,600,1.00
550,600,1.00
551,600,1.00
552,600,0.76
553,600,0.60
547,601,0.60
548,601,0.96
549,601,1.00
550,601,1.00
551,601,1.00
552,601,0.96
553,601,0.60
547,602,0.60
548,602,1.00
549,602,1.00
550,602,1.00
551,602,1.00
552,602,1.00
553,602,0.60
547,603,0.60
548,603,1.00
549,603,1.00
550,603,1.00
551,603,1.00
552,603,1.00
553,603,0.60
547,604,0.60
548,604,1.00
549,604,1.00
550,604,1.00
551,604,1.00
552,604,1.00
553,604,0.60
547,605,0.60
548,605,1.00
549,605,1.00
550,605,1.00
551,605,1.00
552,605,1.00
553,605,0.60
547,606,0.60
548,606,0.96
549,606,1.00
550,606,1.00
551,606,1.00
552,606,0.96
553,606,0.60
547,607,0.60
548,607,0.76
549,607,1.00
550,607,1.00
551,607,1.00
552,607,0.76
553,607,0.60
547,608,0.60
548,608,0.96
549,608,1.00
550,608,1.00
551,608,1.00
552,608,0.96
553,608,0.60
547,609,0.60
548,609,1.00
549,609,1.00
550,609,1.00
551,609,1.00
552,609,1.00
553,609,0.60
547,610,0.60
548,610,1.00
549,610,1.00
550,610,1.00
551,610,1.00
552,610,1.00
553,610,0.60
547,611,0.60
548,611,1.00
549,611,1.00
550,611,1.00
551,611,1.00
552,611,1.00
553,611,0.90
547,612,0.60
548,612,1.00
549,612,1.00
550,612,1.00
551,612,1.00
552,612,1.00
553,612,0.98
547,613,0.30
548,613,0.96
549,613,1.00
550,613,1.00
551,613,1.00
552,613,1.00
553,613,0.96
547,614,0.30
548,614,0.68
549,614,1.00
550,614,1.00
551,614,1.00
552,614,1.00
553,614,1.00
547,615,0.30
548,615,0.60
549,615,1.00
550,615,1.00
551,615,1.00
552,615,1.00
553,615,1.00
554,611,0.30
554,612,0.30
554,613,0.30
554,614,0.60
554,615,0.68
548,616,0.30
549,616,0.68
550,616,1.00
551,616,1.00
552,616,1.00
553,616,1.00
554,616,1.00
548,617,0.30
549,617,0.60
550,617,1.00
551,617,1.00
552,617,1.00
553,617,1.00
554,617,1.00
555,614,0.30
555,615,0.30
555,616,0.60
555,617,0.96
549,618,0.30
550,618,0.66
551,618,1.00
552,618,1.00
553,618,1.00
554,618,1.00
555,618,1.00
549,619,0.30
550,619,0.38
551,619,1.00
552,619,1.00
553,619,1.00
554,619,1.00
555,619,1.00
549,620,0.30
550,620,0.30
551,620,0.90
552,620,1.00
553,620,1.00
554,620,1.00
555,620,1.00
556,616,0.30
557,616,0.30
556,617,0.38
557,617,0.30
556,618,0.96
557,618,0.60
556,619,1.00
557,619,0.60
556,620,1.00
557,620,0.90
551,621,0.60
552,621,1.00
553,621,1.00
554,621,1.00
555,621,1.00
556,621,1.00
557,621,1.00
551,622,0.60
552,622,0.96
553,622,1.00
554,622,1.00
555,622,1.00
556,622,1.00
557,622,1.00
551,623,0.30
552,623,0.38
553,623,0.66
554,623,1.00
555,623,1.00
556,623,1.00
557,623,1.00
551,624,0.30
552,624,0.30
553,624,0.30
554,624,0.60
555,624,0.96
556,624,1.00
557,624,1.00
558,620,0.30
559,620,0.30
560,620,0.30
558,621,0.66
559,621,0.38
560,621,0.30
558,622,1.00
559,622,0.66
560,622,0.30
558,623,1.00
559,623,1.00
560,623,0.60
558,624,1.00
559,624,1.00
560,624,0.96
554,625,0.30
555,625,0.38
556,625,0.96
557,625,1.00
558,625,1.00
559,625,1.00
560,625,1.00
554,626,0.30
555,626,0.30
556,626,0.60
557,626,1.00
558,626,1.00
559,626,1.00
560,626,1.00
561,623,0.30
562,623,0.30
561,624,0.38
562,624,0.30
561,625,0.96
562,625,0.60
561,626,1.00
562,626,0.96
556,627,0.30
557,627,0.66
558,627,1.00
559,627,1.00
560,627,1.00
561,627,1.00
562,627,1.00
556,628,0.30
557,628,0.38
558,628,0.96
559,628,1.00
560,628,1.00
561,628,1.00
562,628,1.00
556,629,0.30
557,629,0.30
558,629,0.60
559,629,0.96
560,629,1.00
561,629,1.00
562,629,1.00
563,625,0.30
564,625,0.30
563,626,0.38
564,626,0.30
563,627,0.96
564,627,0.60
563,628,1.00
564,628,0.96
563,629,1.00
564,629,1.00
558,630,0.30
559,630,0.38
560,630,0.96
561,630,1.00
562,630,1.00
563,630,1.00
564,630,1.00
558,631,0.30
559,631,0.30
560,631,0.60
561,631,0.96
562,631,1.00
563,631,1.00
564,631,1.00
565,627,0.30
566,627,0.30
565,628,0.38
566,628,0.30
565,629,0.96
566,629,0.60
565,630,1.00
566,630,0.96
565,631,1.00
566,631,1.00
560,632,0.30
561,632,0.38
562,632,0.66
563,632,0.77
564,632,0.96
565,632,1.00
566,632,1.00
560,633,0.30
561,633,0.30
562,633,0.30
563,633,0.30
564,633,0.60
565,633,0.96
566,633,1.00
567,629,0.30
568,629,0.30
569,629,0.30
570,629,0.30
567,630,0.77
568,630,0.66
569,630,0.38
570,630,0.30
567,631,1.00
568,631,1.00
569,631,0.66
570,631,0.30
567,632,1.00
568,632,1.00
569,632,1.00
570,632,0.60
567,633,1.00
568,633,1.00
569,633,1.00
570,633,1.00
564,634,0.30
565,634,0.38
566,634,0.66
567,634,1.00
568,634,1.00
569,634,1.00
570,634,1.00
564,635,0.30
565,635,0.30
566,635,0.30
567,635,0.60
568,635,1.00
569,635,1.00
570,635,1.00
571,632,0.30
572,632,0.30
573,632,0.30
571,633,0.66
572,633,0.38
573,633,0.30
571,634,1.00
572,634,1.00
573,634,0.90
571,635,1.00
572,635,1.00
573,635,1.00
567,636,0.30
568,636,0.66
569,636,1.00
570,636,1.00
571,636,1.00
572,636,1.00
573,636,1.00
567,637,0.30
568,637,0.38
569,637,0.96
570,637,1.00
571,637,1.00
572,637,1.00
573,637,1.00
567,638,0.30
568,638,0.30
569,638,0.60
570,638,0.96
571,638,1.00
572,638,1.00
573,638,1.00
574,634,0.60
575,634,0.60
574,635,1.00
575,635,1.00
574,636,1.00
575,636,1.00
574,637,1.00
575,637,1.00
574,638,1.00
575,638,1.00
569,639,0.30
570,639,0.38
571,639,0.66
572,639,1.00
573,639,1.00
574,639,1.00
575,639,1.00
569,640,0.30
570,640,0.30
571,640,0.30
572,640,0.60
573,640,0.90
574,640,1.00
575,640,1.00
576,634,0.30
577,634,0.30
578,634,0.30
576,635,1.00
577,635,1.00
578,635,1.00
576,636,1.00
577,636,1.00
578,636,1.00
576,637,1.00
577,637,1.00
578,637,1.00
576,638,1.00
577,638,1.00
578,638,1.00
576,639,1.00
577,639,1.00
578,639,1.00
576,640,1.00
577,640,1.00
578,640,1.00
579,635,1.00
579,636,1.00
579,637,1.00
579,638,1.00
579,639,1.00
579,640,1.00
573,641,0.30
574,641,0.60
575,641,0.90
576,641,0.90
577,641,1.00
578,641,1.00
579,641,1.00
580,635,1.00
580,636,1.00
580,637,1.00
580,638,1.00
580,639,1.00
580,640,1.00
580,641,1.00
581,635,1.00
581,636,1.00
581,637,1.00
581,638,1.00
581,639,1.00
581,640,1.00
581,641,1.00
582,635,0.90
583,635,1.00
582,636,1.00
583,636,1.00
582,637,1.00
583,637,1.00
582,638,1.00
583,638,1.00
582,639,1.00
583,639,1.00
582,640,1.00
583,640,1.00
582,641,0.90
583,641,0.90
584,635,1.00
584,636,1.00
584,637,1.00
584,638,1.00
584,639,1.00
584,640,1.00
584,641,0.60
585,635,1.00
586,635,1.00
587,635,1.00
585,636,1.00
586,636,1.00
587,636,1.00
585,637,1.00
586,637,1.00
587,637,1.00
585,638,1.00
586,638,1.00
587,638,1.00
585,639,1.00
586,639,1.00
587,639,1.00
585,640,1.00
586,640,0.98
587,640,0.90
585,641,0.30
586,641,0.30
587,641,0.30
583,634,0.30
584,634,0.60
585,634,0.90
586,634,0.98
587,634,1.00
588,634,1.00
589,634,1.00
588,635,1.00
589,635,1.00
588,636,1.00
589,636,1.00
588,637,1.00
589,637,1.00
588,638,1.00
589,638,1.00
588,639,1.00
589,639,1.00
588,640,0.60
589,640,0.60
590,634,1.00
590,635,1.00
590,636,1.00
590,637,1.00
590,638,1.00
590,639,0.90
590,640,0.30
585,633,0.30
586,633,0.30
587,633,0.90
588,633,1.00
589,633,1.00
590,633,1.00
591,633,1.00
591,634,1.00
591,635,1.00
591,636,1.00
591,637,1.00
591,638,1.00
591,639,0.60
592,633,1.00
593,633,1.00
592,634,1.00
593,634,1.00
592,635,1.00
593,635,1.00
592,636,1.00
593,636,0.90
592,637,1.00
593,637,0.60
592,638,0.68
593,638,0.60
592,639,0.30
593,639,0.30
587,632,0.30
588,632,0.60
589,632,1.00
590,632,1.00
591,632,1.00
592,632,1.00
593,632,1.00
588,630,0.30
589,630,0.60
590,630,0.68
591,630,1.00
592,630,1.00
593,630,1.00
594,630,1.00
588,631,0.30
589,631,0.68
590,631,1.00
591,631,1.00
592,631,1.00
593,631,1.00
594,631,1.00
594,632,1.00
594,633,1.00
594,634,0.68
594,635,0.60
594,636,0.30
589,629,0.30
590,629,0.30
591,629,0.60
592,629,1.00
593,629,1.00
594,629,1.00
595,629,1.00
595,630,1.00
595,631,1.00
595,632,0.96
595,633,0.60
595,634,0.30
595,635,0.30
591,627,0.30
592,627,0.90
593,627,1.00
594,627,1.00
595,627,1.00
596,627,1.00
597,627,1.00
591,628,0.30
592,628,0.98
593,628,1.00
594,628,1.00
595,628,1.00
596,628,1.00
597,628,1.00
596,629,1.00
597,629,1.00
596,630,1.00
597,630,0.98
596,631,0.96
597,631,0.60
596,632,0.38
597,632,0.30
596,633,0.30
597,633,0.30
592,625,0.60
593,625,0.98
594,625,1.00
595,625,1.00
596,625,1.00
597,625,1.00
598,625,1.00
592,626,0.60
593,626,1.00
594,626,1.00
595,626,1.00
596,626,1.00
597,626,1.00
598,626,1.00
598,627,1.00
598,628,0.98
598,629,0.90
598,630,0.60
598,631,0.30
592,624,0.30
593,624,0.60
594,624,1.00
595,624,1.00
596,624,1.00
597,624,1.00
598,624,1.00
593,623,0.30
594,623,0.90
595,623,1.00
596,623,1.00
597,623,1.00
598,623,1.00
599,623,1.00
599,624,1.00
599,625,1.00
599,626,0.98
599,627,0.60
599,628,0.30
599,629,0.30
594,621,0.60
595,621,1.00
596,621,1.00
597,621,1.00
598,621,1.00
599,621,1.00
600,621,1.00
594,622,0.60
595,622,1.00
596,622,1.00
597,622,1.00
598,622,1.00
599,622,1.00
600,622,1.00
600,623,1.00
600,624,0.98
600,625,0.90
600,626,0.60
600,627,0.30
594,620,0.30
595,620,0.90
596,620,1.00
597,620,1.00
598,620,1.00
599,620,1.00
600,620,1.00
595,619,0.90
596,619,1.00
597,619,1.00
598,619,1.00
599,619,1.00
600,619,1.00
601,619,0.90
601,620,0.60
601,621,0.60
601,622,0.60
601,623,0.30
601,624,0.30
601,625,0.30
595,616,0.60
596,616,1.00
597,616,1.00
598,616,1.00
599,616,1.00
600,616,1.00
601,616,0.90
595,617,0.60
596,617,1.00
597,617,1.00
598,617,1.00
599,617,1.00
600,617,1.00
601,617,0.60
595,618,0.60
596,618,1.00
597,618,1.00
598,618,1.00
599,618,1.00
600,618,1.00
601,618,0.60
595,613,0.30
596,613,1.00
597,613,1.00
598,613,1.00
599,613,1.00
600,613,1.00
601,613,1.00
595,614,0.30
596,614,0.98
597,614,1.00
598,614,1.00
599,614,1.00
600,614,1.00
601,614,1.00
595,615,0.30
596,615,0.96
597,615,1.00
598,615,1.00
599,615,1.00
600,615,1.00
601,615,0.68
596,610,1.00
597,610,1.00
598,610,1.00
599,610,1.00
600,610,1.00
601,610,1.00
602,610,1.00
596,611,1.00
597,611,1.00
598,611,1.00
599,611,1.00
600,611,1.00
601,611,1.00
602,611,1.00
596,612,1.00
597,612,1.00
598,612,1.00
599,612,1.00
600,612,1.00
601,612,1.00
602,612,1.00
602,613,0.90
602,614,0.60
602,615,0.30
602,616,0.30
596,608,1.00
597,608,1.00
598,608,1.00
599,608,1.00
600,608,1.00
601,608,1.00
602,608,1.00
596,609,1.00
597,609,1.00
598,609,1.00
599,609,1.00
600,609,1.00
601,609,1.00
602,609,1.00
596,607,1.00
597,607,1.00
598,607,1.00
599,607,1.00
600,607,1.00
601,607,1.00
602,607,0.90
596,606,1.00
597,606,1.00
598,606,1.00
599,606,1.00
600,606,1.00
601,606,0.98
602,606,0.60
596,605,1.00
597,605,1.00
598,605,1.00
599,605,1.00
600,605,0.68
601,605,0.60
602,605,0.30
595,604,1.00
596,604,1.00
597,604,1.00
598,604,1.00
599,604,0.60
600,604,0.30
601,604,0.30
595,605,1.00
595,606,0.96
595,607,0.60
595,608,0.30
595,609,0.30
595,610,0.30
593,601,1.00
594,601,1.00
595,601,1.00
596,601,1.00
597,601,0.60
598,601,0.30
599,601,0.30
593,602,1.00
594,602,1.00
595,602,1.00
596,602,1.00
597,602,0.96
598,602,0.38
599,602,0.30
593,603,0.96
594,603,1.00
595,603,1.00
596,603,1.00
597,603,1.00
598,603,0.66
599,603,0.30
593,604,0.60
594,604,1.00
593,605,0.30
594,605,0.66
593,606,0.30
594,606,0.38
593,607,0.30
594,607,0.30
591,598,1.00
592,598,0.96
593,598,0.68
594,598,0.60
595,598,0.30
596,598,0.30
597,598,0.30
591,599,0.60
592,599,0.68
593,599,0.96
594,599,1.00
595,599,0.66
596,599,0.38
597,599,0.30
591,600,0.30
592,600,0.66
593,600,1.00
594,600,1.00
595,600,1.00
596,600,0.66
597,600,0.30
591,601,0.30
592,601,0.77
591,602,0.30
592,602,0.66
591,603,0.30
592,603,0.38
591,604,0.30
592,604,0.30
588,593,1.00
589,593,1.00
590,593,1.00
591,593,0.60
592,593,0.30
593,593,0.30
594,593,0.30
588,594,1.00
589,594,1.00
590,594,1.00
591,594,1.00
592,594,0.66
593,594,0.38
594,594,0.30
588,595,1.00
589,595,1.00
590,595,1.00
591,595,1.00
592,595,1.00
593,595,0.66
594,595,0.30
588,596,0.60
589,596,1.00
590,596,1.00
591,596,1.00
592,596,1.00
593,596,0.77
594,596,0.30
588,597,0.30
589,597,0.66
590,597,1.00
591,597,1.00
592,597,1.00
593,597,0.66
594,597,0.30
588,598,0.30
589,598,0.38
590,598,0.66
588,599,0.30
589,599,0.30
590,599,0.30
585,590,1.00
586,590,1.00
587,590,1.00
588,590,0.96
589,590,0.60
590,590,0.30
591,590,0.30
585,591,0.96
586,591,1.00
587,591,1.00
588,591,1.00
589,591,0.96
590,591,0.38
591,591,0.30
585,592,0.60
586,592,0.96
587,592,1.00
588,592,1.00
589,592,1.00
590,592,0.66
591,592,0.30
585,593,0.30
586,593,0.77
587,593,1.00
585,594,0.30
586,594,0.66
587,594,1.00
585,595,0.30
586,595,0.38
587,595,0.66
585,596,0.30
586,596,0.30
587,596,0.30
583,586,1.00
584,586,1.00
585,586,0.96
586,586,0.60
587,586,0.30
588,586,0.30
589,586,0.30
583,587,1.00
584,587,1.00
585,587,1.00
586,587,1.00
587,587,0.66
588,587,0.38
589,587,0.30
583,588,1.00
584,588,1.00
585,588,1.00
586,588,1.00
587,588,1.00
588,588,0.66
589,588,0.30
583,589,1.00
584,589,1.00
585,589,1.00
586,589,1.00
587,589,1.00
588,589,0.77
589,589,0.30
583,590,0.60
584,590,0.96
583,591,0.30
584,591,0.38
583,592,0.30
584,592,0.30
580,584,1.00
581,584,1.00
582,584,1.00
583,584,1.00
584,584,0.60
585,584,0.30
586,584,0.30
580,585,1.00
581,585,1.00
582,585,1.00
583,585,1.00
584,585,0.96
585,585,0.38
586,585,0.30
580,586,0.96
581,586,1.00
582,586,1.00
580,587,0.60
581,587,1.00
582,587,1.00
580,588,0.30
581,588,0.66
582,588,1.00
580,589,0.30
581,589,0.38
582,589,0.66
580,590,0.30
581,590,0.30
582,590,0.30
578,581,1.00
579,581,1.00
580,581,1.00
581,581,0.96
582,581,0.60
583,581,0.30
584,581,0.30
578,582,1.00
579,582,1.00
580,582,1.00
581,582,1.00
582,582,0.96
583,582,0.38
584,582,0.30
578,583,1.00
579,583,1.00
580,583,1.00
581,583,1.00
582,583,1.00
583,583,0.66
584,583,0.30
578,584,1.00
579,584,1.00
578,585,0.60
579,585,0.96
578,586,0.30
579,586,0.38
578,587,0.30
579,587,0.30
576,579,1.00
577,579,1.00
578,579,1.00
579,579,0.98
580,579,0.60
581,579,0.30
582,579,0.30
576,580,1.00
577,580,1.00
578,580,1.00
579,580,1.00
580,580,0.96
581,580,0.38
582,580,0.30
576,581,1.00
577,581,1.00
576,582,1.00
577,582,1.00
576,583,1.00
577,583,1.00
576,584,0.60
577,584,0.68
576,585,0.30
577,585,0.30
574,578,1.00
575,578,1.00
576,578,1.00
577,578,1.00
578,578,0.98
579,578,0.60
580,578,0.30
574,579,1.00
575,579,1.00
574,580,1.00
575,580,1.00
574,581,1.00
575,581,1.00
574,582,1.00
575,582,1.00
574,583,1.00
575,583,1.00
574,584,0.30
575,584,0.30
573,577,1.00
574,577,1.00
575,577,0.90
576,577,0.90
577,577,0.60
578,577,0.60
579,577,0.30
573,578,1.00
573,579,1.00
573,580,1.00
573,581,1.00
573,582,1.00
573,583,1.00
572,577,0.90
572,578,1.00
572,579,1.00
572,580,1.00
572,581,1.00
572,582,1.00
572,583,0.90
570,577,0.98
571,577,0.90
570,578,1.00
571,578,1.00
570,579,1.00
571,579,1.00
570,580,1.00
571,580,1.00
570,581,1.00
571,581,1.00
570,582,1.00
571,582,1.00
570,583,0.60
571,583,0.60
568,577,1.00
569,577,1.00
568,578,1.00
569,578,1.00
568,579,1.00
569,579,1.00
568,580,1.00
569,580,1.00
568,581,1.00
569,581,1.00
568,582,0.60
569,582,0.68
568,583,0.30
569,583,0.30
565,576,1.00
566,576,1.00
567,576,0.96
568,576,0.68
569,576,0.60
570,576,0.30
571,576,0.30
565,577,1.00
566,577,1.00
567,577,1.00
565,578,1.00
566,578,1.00
567,578,1.00
565,579,1.00
566,579,1.00
567,579,1.00
565,580,1.00
566,580,1.00
567,580,1.00
565,581,0.60
566,581,0.68
567,581,0.96
565,582,0.30
566,582,0.30
567,582,0.30
564,575,1.00
565,575,0.68
566,575,0.60
567,575,0.30
568,575,0.30
569,575,0.30
564,576,1.00
564,577,1.00
563,578,1.00
564,578,1.00
563,579,1.00
564,579,1.00
563,580,0.60
564,580,0.68
563,581,0.30
564,581,0.30
564,574,0.60
565,574,0.30
566,574,0.30
560,578,0.60
561,578,0.96
562,578,1.00
560,579,0.30
561,579,0.38
562,579,0.66
560,580,0.30
561,580,0.30
562,580,0.30
564,572,0.30
564,573,0.30
558,578,0.30
559,578,0.30
550,575,0.90
550,576,1.00
549,575,0.60
549,576,0.90
549,577,1.00
549,578,1.00
549,579,1.00
548,576,0.30
548,577,0.90
548,578,0.98
548,579,1.00
548,580,1.00
548,581,1.00
548,582,0.98
548,583,0.60
547,577,0.30
547,578,0.30
547,579,0.30
547,580,0.30
547,581,0.30
547,582,0.30
547,583,0.30

577,551,1.00
578,551,1.00
579,551,1.00
580,551,1.00
581,551,1.00
582,551,1.00
583,551,1.00
577,552,1.00
578,552,1.00
579,552,1.00
580,552,1.00
581,552,1.00
582,552,1.00
583,552,1.00
577,553,1.00
578,553,1.00
579,553,1.00
580,553,1.00
581,553,1.00
582,553,1.00
583,553,1.00
577,554,1.00
578,554,1.00
579,554,1.00
580,554,1.00
581,554,1.00
582,554,1.00
583,554,1.00
577,555,0.90
578,555,1.00
579,555,1.00
580,555,1.00
581,555,1.00
582,555,1.00
583,555,0.90
577,556,0.90
578,556,0.98
579,556,1.00
580,556,1.00
581,556,1.00
582,556,0.98
583,556,0.90
577,557,0.30
578,557,0.30
579,557,0.30
580,557,0.30
581,557,0.30
582,557,0.30
583,557,0.30
577,550,1.00
578,550,1.00
579,550,1.00
580,550,1.00
581,550,1.00
582,550,1.00
583,550,1.00
577,548,1.00
578,548,1.00
579,548,1.00
580,548,1.00
581,548,1.00
582,548,1.00
583,548,1.00
577,549,1.00
578,549,1.00
579,549,1.00
580,549,1.00
581,549,1.00
582,549,1.00
583,549,1.00
577,547,1.00
578,547,1.00
579,547,1.00
580,547,1.00
581,547,1.00
582,547,1.00
583,547,1.00
577,545,1.00
578,545,1.00
579,545,1.00
580,545,1.00
581,545,1.00
582,545,1.00
583,545,1.00
577,546,1.00
578,546,1.00
579,546,1.00
580,546,1.00
581,546,1.00
582,546,1.00
583,546,1.00
577,543,1.00
578,543,1.00
579,543,1.00
580,543,1.00
581,543,1.00
582,543,1.00
583,543,1.00
577,544,1.00
578,544,1.00
579,544,1.00
580,544,1.00
581,544,1.00
582,544,1.00
583,544,1.00
577,542,1.00
578,542,1.00
579,542,1.00
580,542,1.00
581,542,1.00
582,542,1.00
583,542,1.00
577,541,0.90
578,541,1.00
579,541,1.00
580,541,1.00
581,541,1.00
582,541,1.00
583,541,1.00
577,540,0.60
578,540,1.00
579,540,1.00
580,540,1.00
581,540,1.00
582,540,1.00
583,540,1.00
578,539,0.60
579,539,0.90
580,539,1.00
581,539,1.00
582,539,1.00
583,539,1.00
584,539,1.00
584,540,1.00
584,541,1.00
584,542,1.00
584,543,1.00
584,544,1.00
584,545,0.90
585,539,1.00
585,540,1.00
585,541,1.00
585,542,1.00
585,543,1.00
585,544,1.00
585,545,0.30
580,538,0.30
581,538,0.90
582,538,1.00
583,538,1.00
584,538,1.00
585,538,1.00
586,538,1.00
586,539,1.00
586,540,1.00
586,541,1.00
586,542,1.00
586,543,1.00
586,544,0.90
587,538,1.00
587,539,1.00
587,540,1.00
587,541,1.00
587,542,1.00
587,543,1.00
587,544,0.60
582,537,0.30
583,537,0.90
584,537,0.90
585,537,1.00
586,537,1.00
587,537,1.00
588,537,1.00
588,538,1.00
588,539,1.00
588,540,1.00
588,541,1.00
588,542,1.00
588,543,0.90
589,537,1.00
589,538,1.00
589,539,1.00
589,540,1.00
589,541,1.00
589,542,1.00
589,543,0.60
585,536,0.30
586,536,0.60
587,536,0.90
588,536,1.00
589,536,1.00
590,536,1.00
591,536,1.00
590,537,1.00
591,537,1.00
590,538,1.00
591,538,1.00
590,539,1.00
591,539,1.00
590,540,1.00
591,540,1.00
590,541,1.00
591,541,1.00
590,542,1.00
591,542,1.00
592,536,1.00
592,537,1.00
592,538,1.00
592,539,1.00
592,540,1.00
592,541,1.00
592,542,1.00
593,536,1.00
593,537,1.00
593,538,1.00
593,539,1.00
593,540,1.00
593,541,1.00
593,542,1.00
594,536,1.00
594,537,1.00
594,538,1.00
594,539,1.00
594,540,1.00
594,541,1.00
594,542,1.00
595,536,1.00
595,537,1.00
595,538,1.00
595,539,1.00
595,540,1.00
595,541,1.00
595,542,1.00
596,536,1.00
597,536,1.00
596,537,1.00
597,537,1.00
596,538,1.00
597,538,1.00
596,539,1.00
597,539,1.00
596,540,1.00
597,540,1.00
596,541,1.00
597,541,1.00
596,542,1.00
597,542,1.00
598,536,1.00
598,537,1.00
598,538,1.00
598,539,1.00
598,540,1.00
598,541,1.00
598,542,1.00
599,536,0.90
600,536,0.90
599,537,1.00
600,537,1.00
599,538,1.00
600,538,1.00
599,539,1.00
600,539,1.00
599,540,1.00
600,540,1.00
599,541,1.00
600,541,1.00
599,542,1.00
600,542,1.00
601,536,0.60
601,537,0.98
601,538,1.00
601,539,1.00
601,540,1.00
601,541,1.00
601,542,1.00
602,536,0.30
602,537,0.60
602,538,1.00
602,539,1.00
602,540,1.00
602,541,1.00
602,542,1.00
603,537,0.30
603,538,0.90
603,539,1.00
603,540,1.00
603,541,1.00
603,542,1.00
597,543,0.60
598,543,0.68
599,543,1.00
600,543,1.00
601,543,1.00
602,543,1.00
603,543,1.00
597,544,0.30
598,544,0.30
599,544,0.60
600,544,0.90
601,544,1.00
602,544,1.00
603,544,1.00
604,538,0.30
605,538,0.30
604,539,0.68
605,539,0.60
604,540,1.00
605,540,0.98
604,541,1.00
605,541,1.00
604,542,1.00
605,542,1.00
604,543,1.00
605,543,1.00
604,544,1.00
605,544,1.00
606,539,0.30
606,540,0.60
606,541,0.68
606,542,1.00
606,543,1.00
606,544,1.00
600,545,0.30
601,545,0.60
602,545,0.98
603,545,1.00
604,545,1.00
605,545,1.00
606,545,1.00
607,540,0.30
607,541,0.30
607,542,0.60
607,543,0.98
607,544,1.00
607,545,1.00
601,546,0.30
602,546,0.60
603,546,1.00
604,546,1.00
605,546,1.00
606,546,1.00
607,546,1.00
608,542,0.30
608,543,0.60
608,544,0.98
608,545,1.00
608,546,1.00
602,547,0.30
603,547,0.68
604,547,1.00
605,547,1.00
606,547,1.00
607,547,1.00
608,547,1.00
602,548,0.30
603,548,0.60
604,548,0.68
605,548,1.00
606,548,1.00
607,548,1.00
608,548,1.00
609,543,0.30
609,544,0.60
609,545,1.00
609,546,1.00
609,547,1.00
609,548,1.00
603,549,0.30
604,549,0.30
605,549,0.60
606,549,1.00
607,549,1.00
608,549,1.00
609,549,1.00
610,544,0.30
611,544,0.30
610,545,0.68
611,545,0.60
610,546,1.00
611,546,0.68
610,547,1.00
611,547,1.00
610,548,1.00
611,548,1.00
610,549,1.00
611,549,1.00
605,550,0.30
606,550,0.90
607,550,1.00
608,550,1.00
609,550,1.00
610,550,1.00
611,550,1.00
612,545,0.30
612,546,0.30
612,547,0.60
612,548,0.90
612,549,1.00
612,550,1.00
606,551,0.60
607,551,0.96
608,551,1.00
609,551,1.00
610,551,1.00
611,551,1.00
612,551,1.00
606,552,0.30
607,552,0.38
608,552,0.96
609,552,1.00
610,552,1.00
611,552,1.00
612,552,1.00
606,553,0.30
607,553,0.30
608,553,0.60
609,553,0.98
610,553,1.00
611,553,1.00
612,553,1.00
613,548,0.30
614,548,0.30
613,549,0.38
614,549,0.30
613,550,0.96
614,550,0.60
613,551,1.00
614,551,0.68
613,552,1.00
614,552,1.00
613,553,1.00
614,553,1.00
608,554,0.30
609,554,0.60
610,554,1.00
611,554,1.00
612,554,1.00
613,554,1.00
614,554,1.00
615,550,0.30
615,551,0.30
615,552,0.60
615,553,0.68
615,554,0.96
609,555,0.30
610,555,0.98
611,555,1.00
612,555,1.00
613,555,1.00
614,555,1.00
615,555,1.00
609,556,0.30
610,556,0.90
611,556,1.00
612,556,1.00
613,556,1.00
614,556,1.00
615,556,1.00
616,552,0.30
616,553,0.30
616,554,0.30
616,555,0.60
616,556,0.60
610,557,0.60
611,557,1.00
612,557,1.00
613,557,1.00
614,557,1.00
615,557,1.00
616,557,0.60
610,558,0.60
611,558,1.00
612,558,1.00
613,558,1.00
614,558,1.00
615,558,1.00
616,558,0.90
610,559,0.30
611,559,0.66
612,559,1.00
613,559,1.00
614,559,1.00
615,559,1.00
616,559,0.96
610,560,0.30
611,560,0.38
612,560,0.96
613,560,1.00
614,560,1.00
615,560,1.00
616,560,1.00
610,561,0.30
611,561,0.30
612,561,0.60
613,561,1.00
614,561,1.00
615,561,1.00
616,561,1.00
617,558,0.30
618,558,0.30
617,559,0.38
618,559,0.30
617,560,0.66
618,560,0.30
617,561,1.00
618,561,0.60
612,562,0.30
613,562,0.96
614,562,1.00
615,562,1.00
616,562,1.00
617,562,1.00
618,562,0.68
612,563,0.30
613,563,0.68
614,563,1.00
615,563,1.00
616,563,1.00
617,563,1.00
618,563,0.96
612,564,0.30
613,564,0.60
614,564,1.00
615,564,1.00
616,564,1.00
617,564,1.00
618,564,1.00
619,561,0.30
619,562,0.30
619,563,0.30
619,564,0.60
613,565,0.30
614,565,0.96
615,565,1.00
616,565,1.00
617,565,1.00
618,565,1.00
619,565,0.68
613,566,0.30
614,566,0.68
615,566,1.00
616,566,1.00
617,566,1.00
618,566,1.00
619,566,1.00
613,567,0.30
614,567,0.60
615,567,1.00
616,567,1.00
617,567,1.00
618,567,1.00
619,567,1.00
620,564,0.30
620,565,0.30
620,566,0.60
620,567,0.68
614,568,0.30
615,568,0.96
616,568,1.00
617,568,1.00
618,568,1.00
619,568,1.00
620,568,0.96
614,569,0.30
615,569,0.68
616,569,1.00
617,569,1.00
618,569,1.00
619,569,1.00
620,569,1.00
614,570,0.30
615,570,0.60
616,570,1.00
617,570,1.00
618,570,1.00
619,570,1.00
620,570,1.00
621,566,0.30
621,567,0.30
621,568,0.30
621,569,0.30
621,570,0.60
615,571,0.30
616,571,0.68
617,571,1.00
618,571,1.00
619,571,1.00
620,571,1.00
621,571,0.68
615,572,0.30
616,572,0.60
617,572,0.96
618,572,1.00
619,572,1.00
620,572,1.00
621,572,0.96
622,570,0.30
622,571,0.30
622,572,0.30
616,573,0.30
617,573,0.77
618,573,1.00
619,573,1.00
620,573,1.00
621,573,0.77
622,573,0.30
616,574,0.30
617,574,0.96
618,574,1.00
619,574,1.00
620,574,1.00
621,574,0.96
622,574,0.60
616,575,0.30
617,575,0.68
618,575,1.00
619,575,1.00
620,575,1.00
621,575,1.00
622,575,0.68
616,576,0.30
617,576,0.60
618,576,0.96
619,576,1.00
620,576,1.00
621,576,1.00
622,576,0.96
623,574,0.30
623,575,0.30
623,576,0.30
617,577,0.30
618,577,1.00
619,577,1.00
620,577,1.00
621,577,1.00
622,577,1.00
623,577,0.60
617,578,0.30
618,578,0.96
619,578,1.00
620,578,1.00
621,578,1.00
622,578,1.00
623,578,0.68
617,579,0.30
618,579,0.68
619,579,1.00
620,579,1.00
621,579,1.00
622,579,1.00
623,579,0.96
617,580,0.30
618,580,0.60
619,580,1.00
620,580,1.00
621,580,1.00
622,580,1.00
623,580,1.00
624,577,0.30
624,578,0.30
624,579,0.30
624,580,0.30
618,581,0.30
619,581,0.96
620,581,1.00
621,581,1.00
622,581,1.00
623,581,0.96
624,581,0.60
618,582,0.30
619,582,0.68
620,582,1.00
621,582,1.00
622,582,1.00
623,582,1.00
624,582,0.68
618,583,0.30
619,583,0.60
620,583,0.96
621,583,1.00
622,583,1.00
623,583,1.00
624,583,0.96
625,581,0.30
625,582,0.30
625,583,0.30
619,584,0.60
620,584,1.00
621,584,1.00
622,584,1.00
623,584,1.00
624,584,1.00
625,584,0.60
619,585,0.90
620,585,1.00
621,585,1.00
622,585,1.00
623,585,1.00
624,585,1.00
625,585,0.90
619,586,0.90
620,586,1.00
621,586,1.00
622,586,1.00
623,586,1.00
624,586,1.00
625,586,0.90
619,587,1.00
620,587,1.00
621,587,1.00
622,587,1.00
623,587,1.00
624,587,1.00
625,587,1.00
619,588,0.90
620,588,1.00
621,588,1.00
622,588,1.00
623,588,1.00
624,588,1.00
625,588,0.90
619,589,0.90
620,589,1.00
621,589,1.00
622,589,1.00
623,589,1.00
624,589,1.00
625,589,1.00
619,590,0.90
620,590,1.00
621,590,1.00
622,590,1.00
623,590,1.00
624,590,1.00
625,590,1.00
619,591,0.60
620,591,1.00
621,591,1.00
622,591,1.00
623,591,1.00
624,591,1.00
625,591,1.00
619,592,0.30
620,592,1.00
621,592,1.00
622,592,1.00
623,592,1.00
624,592,1.00
625,592,1.00
619,593,0.30
620,593,1.00
621,593,1.00
622,593,1.00
623,593,1.00
624,593,1.00
625,593,1.00
626,589,0.30
626,590,0.60
626,591,0.60
626,592,0.90
626,593,0.90
620,594,1.00
621,594,1.00
622,594,1.00
623,594,1.00
624,594,1.00
625,594,1.00
626,594,1.00
620,595,1.00
621,595,1.00
622,595,1.00
623,595,1.00
624,595,1.00
625,595,1.00
626,595,1.00
620,596,0.90
621,596,1.00
622,596,1.00
623,596,1.00
624,596,1.00
625,596,1.00
626,596,0.90
620,597,0.60
621,597,1.00
622,597,1.00
623,597,1.00
624,597,1.00
625,597,1.00
626,597,1.00
620,598,0.60
621,598,1.00
622,598,1.00
623,598,1.00
624,598,1.00
625,598,1.00
626,598,1.00
620,599,0.30
621,599,0.98
622,599,1.00
623,599,1.00
624,599,1.00
625,599,1.00
626,599,1.00
620,600,0.30
621,600,1.00
622,600,1.00
623,600,1.00
624,600,1.00
625,600,1.00
626,600,1.00
627,597,0.90
627,598,1.00
627,599,1.00
627,600,1.00
621,601,0.90
622,601,1.00
623,601,1.00
624,601,1.00
625,601,1.00
626,601,1.00
627,601,1.00
621,602,1.00
622,602,1.00
623,602,1.00
624,602,1.00
625,602,1.00
626,602,1.00
627,602,1.00
621,603,1.00
622,603,1.00
623,603,1.00
624,603,1.00
625,603,1.00
626,603,1.00
627,603,1.00
621,604,1.00
622,604,1.00
623,604,1.00
624,604,1.00
625,604,1.00
626,604,1.00
627,604,1.00
621,605,1.00
622,605,1.00
623,605,1.00
624,605,1.00
625,605,1.00
626,605,1.00
627,605,1.00
621,606,1.00
622,606,1.00
623,606,1.00
624,606,1.00
625,606,1.00
626,606,1.00
627,606,1.00
621,607,0.90
622,607,1.00
623,607,1.00
624,607,1.00
625,607,1.00
626,607,1.00
627,607,1.00
621,608,0.90
622,608,1.00
623,608,1.00
624,608,1.00
625,608,1.00
626,608,1.00
627,608,1.00
621,609,0.30
622,609,0.90
623,609,0.90
624,609,0.90
625,609,0.90
626,609,0.90
627,609,0.90
628,603,1.00
628,604,1.00
628,605,1.00
628,606,1.00
628,607,1.00
628,608,1.00
628,609,0.60
628,602,1.00
629,602,1.00
629,603,1.00
629,604,0.98
629,605,0.90
629,606,0.60
629,607,0.60
629,608,0.30
628,601,1.00
629,601,1.00
628,599,1.00
629,599,1.00
630,599,1.00
628,600,1.00
629,600,1.00
630,600,1.00
630,601,0.96
630,602,0.68
630,603,0.60
630,604,0.30
630,605,0.30
628,597,0.96
629,597,1.00
630,597,1.00
631,597,1.00
628,598,1.00
629,598,1.00
630,598,1.00
631,598,0.96
631,599,0.60
631,600,0.30
631,601,0.30
631,602,0.30
631,603,0.30
627,593,0.30
628,593,0.60
629,593,1.00
630,593,1.00
631,593,1.00
632,593,1.00
633,593,1.00
627,594,0.30
628,594,0.68
629,594,1.00
630,594,1.00
631,594,1.00
632,594,1.00
633,594,1.00
627,595,0.30
628,595,0.96
629,595,1.00
630,595,1.00
631,595,1.00
632,595,1.00
633,595,0.68
627,596,0.30
628,596,1.00
629,596,1.00
630,596,1.00
631,596,1.00
632,596,1.00
633,596,0.60
632,597,0.66
633,597,0.30
632,598,0.38
633,598,0.30
632,599,0.30
633,599,0.30
628,590,0.30
629,590,0.30
630,590,0.60
631,590,1.00
632,590,1.00
633,590,1.00
634,590,1.00
628,591,0.30
629,591,0.38
630,591,0.96
631,591,1.00
632,591,1.00
633,591,1.00
634,591,1.00
628,592,0.30
629,592,0.66
630,592,1.00
631,592,1.00
632,592,1.00
633,592,1.00
634,592,1.00
634,593,0.96
634,594,0.60
634,595,0.30
634,596,0.30
630,588,0.30
631,588,0.60
632,588,0.96
633,588,1.00
634,588,1.00
635,588,1.00
636,588,1.00
630,589,0.30
631,589,0.68
632,589,1.00
633,589,1.00
634,589,1.00
635,589,1.00
636,589,0.68
635,590,0.96
636,590,0.60
635,591,0.77
636,591,0.30
635,592,0.66
636,592,0.30
635,593,0.38
636,593,0.30
635,594,0.30
636,594,0.30
631,584,0.30
632,584,0.30
633,584,0.90
634,584,1.00
635,584,1.00
636,584,1.00
637,584,1.00
631,585,0.30
632,585,0.38
633,585,1.00
634,585,1.00
635,585,1.00
636,585,1.00
637,585,1.00
631,586,0.30
632,586,0.66
633,586,1.00
634,586,1.00
635,586,1.00
636,586,1.00
637,586,1.00
631,587,0.30
632,587,0.77
633,587,1.00
634,587,1.00
635,587,1.00
636,587,1.00
637,587,0.96
637,588,0.60
637,589,0.30
637,590,0.30
633,582,0.60
634,582,1.00
635,582,1.00
636,582,1.00
637,582,1.00
638,582,1.00
639,582,0.90
633,583,0.60
634,583,1.00
635,583,1.00
636,583,1.00
637,583,1.00
638,583,1.00
639,583,0.60
638,584,1.00
639,584,0.60
638,585,1.00
639,585,0.60
638,586,0.66
639,586,0.30
638,587,0.38
639,587,0.30
638,588,0.30
639,588,0.30
633,579,0.30
634,579,0.30
635,579,0.60
636,579,1.00
637,579,1.00
638,579,1.00
639,579,1.00
633,580,0.30
634,580,0.38
635,580,0.96
636,580,1.00
637,580,1.00
638,580,1.00
639,580,1.00
633,581,0.30
634,581,0.66
635,581,1.00
636,581,1.00
637,581,1.00
638,581,1.00
639,581,1.00
635,576,0.30
636,576,0.90
637,576,1.00
638,576,1.00
639,576,1.00
640,576,1.00
641,576,1.00
635,577,0.30
636,577,0.98
637,577,1.00
638,577,1.00
639,577,1.00
640,577,1.00
641,577,1.00
635,578,0.30
636,578,1.00
637,578,1.00
638,578,1.00
639,578,1.00
640,578,1.00
641,578,1.00
640,579,1.00
641,579,1.00
640,580,1.00
641,580,1.00
640,581,0.68
641,581,0.60
640,582,0.30
641,582,0.30
636,575,0.60
637,575,0.98
638,575,1.00
639,575,1.00
640,575,1.00
641,575,1.00
642,575,0.98
642,576,1.00
642,577,1.00
642,578,1.00
642,579,0.98
642,580,0.90
642,581,0.30
636,574,0.30
637,574,0.60
638,574,0.60
639,574,0.60
640,574,0.60
641,574,0.60
642,574,0.60
643,574,0.30
643,575,0.30
643,576,0.30
643,577,0.30
643,578,0.30
643,579,0.30
643,580,0.30

620,487,0.60
621,487,0.60
622,487,0.60
623,487,0.60
624,487,0.60
625,487,0.60
626,487,0.60
620,488,0.90
621,488,1.00
622,488,1.00
623,488,1.00
624,488,1.00
625,488,1.00
626,488,0.90
620,489,1.00
621,489,1.00
622,489,1.00
623,489,1.00
624,489,1.00
625,489,1.00
626,489,0.90
620,490,1.00
621,490,1.00
622,490,1.00
623,490,1.00
624,490,1.00
625,490,1.00
626,490,0.90
620,491,1.00
621,491,1.00
622,491,1.00
623,491,1.00
624,491,1.00
625,491,1.00
626,491,0.90
620,492,1.00
621,492,1.00
622,492,1.00
623,492,1.00
624,492,1.00
625,492,1.00
626,492,0.90
620,493,1.00
621,493,1.00
622,493,1.00
623,493,1.00
624,493,1.00
625,493,1.00
626,493,0.90
620,494,1.00
621,494,1.00
622,494,1.00
623,494,1.00
624,494,1.00
625,494,1.00
626,494,0.30
619,489,0.30
619,490,0.60
619,491,0.60
619,492,0.90
619,493,1.00
619,494,1.00
619,495,1.00
620,495,1.00
621,495,1.00
622,495,1.00
623,495,1.00
624,495,1.00
625,495,0.90
619,496,1.00
620,496,1.00
621,496,1.00
622,496,1.00
623,496,1.00
624,496,1.00
625,496,0.60
619,497,1.00
620,497,1.00
621,497,1.00
622,497,1.00
623,497,1.00
624,497,0.68
625,497,0.30
619,498,1.00
620,498,1.00
621,498,1.00
622,498,1.00
623,498,0.98
624,498,0.60
625,498,0.30
618,493,0.30
618,494,0.60
618,495,0.98
618,496,1.00
618,497,1.00
618,498,1.00
618,499,1.00
619,499,1.00
620,499,1.00
621,499,1.00
622,499,0.98
623,499,0.60
624,499,0.30
617,494,0.30
617,495,0.60
617,496,0.68
617,497,1.00
617,498,1.00
617,499,1.00
617,500,1.00
618,500,1.00
619,500,1.00
620,500,1.00
621,500,0.98
622,500,0.60
623,500,0.30
616,495,0.30
616,496,0.30
616,497,0.60
616,498,0.98
616,499,1.00
616,500,1.00
616,501,1.00
617,501,1.00
618,501,1.00
619,501,1.00
620,501,1.00
621,501,0.60
622,501,0.30
615,497,0.30
615,498,0.60
615,499,0.98
615,500,1.00
615,501,1.00
615,502,1.00
616,502,1.00
617,502,1.00
618,502,1.00
619,502,1.00
620,502,0.68
621,502,0.30
615,503,1.00
616,503,1.00
617,503,1.00
618,503,1.00
619,503,0.68
620,503,0.60
621,503,0.30
614,498,0.30
614,499,0.60
614,500,0.96
614,501,1.00
614,502,1.00
614,503,1.00
614,504,1.00
615,504,1.00
616,504,1.00
617,504,0.98
618,504,0.60
619,504,0.30
620,504,0.30
612,499,0.30
613,499,0.30
612,500,0.30
613,500,0.38
612,501,0.60
613,501,0.96
612,502,1.00
613,502,1.00
612,503,1.00
613,503,1.00
612,504,1.00
613,504,1.00
612,505,1.00
613,505,1.00
614,505,1.00
615,505,1.00
616,505,1.00
617,505,0.60
618,505,0.30
611,501,0.30
611,502,1.00
611,503,1.00
611,504,1.00
611,505,1.00
611,506,1.00
612,506,1.00
613,506,1.00
614,506,1.00
615,506,1.00
616,506,0.98
617,506,0.30
611,507,1.00
612,507,1.00
613,507,1.00
614,507,1.00
615,507,1.00
616,507,0.90
617,507,0.30
610,502,0.90
610,503,1.00
610,504,1.00
610,505,1.00
610,506,1.00
610,507,1.00
610,508,1.00
611,508,1.00
612,508,1.00
613,508,1.00
614,508,1.00
615,508,1.00
616,508,0.60
609,502,0.30
609,503,0.90
609,504,1.00
609,505,1.00
609,506,1.00
609,507,1.00
609,508,1.00
609,509,1.00
610,509,1.00
611,509,1.00
612,509,1.00
613,509,1.00
614,509,1.00
615,509,0.30
608,503,0.30
608,504,0.60
608,505,1.00
608,506,1.00
608,507,1.00
608,508,1.00
608,509,1.00
608,510,1.00
609,510,1.00
610,510,1.00
611,510,1.00
612,510,1.00
613,510,1.00
614,510,1.00
608,511,1.00
609,511,1.00
610,511,1.00
611,511,1.00
612,511,1.00
613,511,1.00
614,511,1.00
608,512,1.00
609,512,1.00
610,512,1.00
611,512,1.00
612,512,1.00
613,512,1.00
614,512,1.00
608,513,1.00
609,513,1.00
610,513,1.00
611,513,1.00
612,513,1.00
613,513,1.00
614,513,1.00
608,514,1.00
609,514,1.00
610,514,1.00
611,514,1.00
612,514,1.00
613,514,1.00
614,514,0.98
607,508,0.30
607,509,0.60
607,510,0.90
607,511,1.00
607,512,1.00
607,513,1.00
607,514,1.00
607,515,1.00
608,515,1.00
609,515,1.00
610,515,1.00
611,515,1.00
612,515,1.00
613,515,1.00
606,510,0.30
606,511,1.00
606,512,1.00
606,513,1.00
606,514,1.00
606,515,1.00
606,516,1.00
607,516,1.00
608,516,1.00
609,516,1.00
610,516,1.00
611,516,1.00
612,516,1.00
606,517,1.00
607,517,1.00
608,517,1.00
609,517,1.00
610,517,1.00
611,517,1.00
612,517,1.00
605,511,0.60
605,512,0.60
605,513,0.60
605,514,0.60
605,515,0.60
605,516,0.60
605,517,0.60
613,516,1.00
613,517,1.00
607,518,0.30
608,518,0.30
609,518,0.60
610,518,0.98
611,518,1.00
612,518,1.00
613,518,1.00
615,513,0.30
615,514,0.60
614,515,1.00
615,515,0.68
614,516,1.00
615,516,1.00
614,517,1.00
615,517,1.00
614,518,1.00
615,518,1.00
609,519,0.30
610,519,0.60
611,519,0.68
612,519,0.96
613,519,1.00
614,519,1.00
615,519,1.00
616,514,0.30
616,515,0.30
616,516,0.60
616,517,1.00
616,518,1.00
616,519,1.00
610,520,0.30
611,520,0.30
612,520,0.30
613,520,0.60
614,520,0.96
615,520,1.00
616,520,1.00
617,516,0.30
618,516,0.30
619,516,0.30
617,517,0.96
618,517,0.68
619,517,0.60
617,518,1.00
618,518,1.00
619,518,0.96
617,519,1.00
618,519,1.00
619,519,1.00
617,520,1.00
618,520,1.00
619,520,1.00
613,521,0.30
614,521,0.38
615,521,0.96
616,521,1.00
617,521,1.00
618,521,1.00
619,521,1.00
613,522,0.30
614,522,0.30
615,522,0.60
616,522,0.68
617,522,1.00
618,522,1.00
619,522,1.00
620,517,0.30
621,517,0.30
620,518,0.38
621,518,0.30
620,519,0.96
621,519,0.60
620,520,1.00
621,520,1.00
620,521,1.00
621,521,1.00
620,522,1.00
621,522,1.00
615,523,0.30
616,523,0.30
617,523,0.60
618,523,0.96
619,523,1.00
620,523,1.00
621,523,1.00
622,519,0.30
623,519,0.30
622,520,0.68
623,520,0.60
622,521,1.00
623,521,1.00
622,522,1.00
623,522,1.00
622,523,1.00
623,523,1.00
617,524,0.30
618,524,0.38
619,524,0.96
620,524,1.00
621,524,1.00
622,524,1.00
623,524,1.00
617,525,0.30
618,525,0.30
619,525,0.60
620,525,0.68
621,525,1.00
622,525,1.00
623,525,1.00
624,520,0.30
625,520,0.30
624,521,0.68
625,521,0.60
624,522,1.00
625,522,0.96
624,523,1.00
625,523,1.00
624,524,1.00
625,524,1.00
624,525,1.00
625,525,1.00
619,526,0.30
620,526,0.30
621,526,0.60
622,526,0.68
623,526,1.00
624,526,1.00
625,526,1.00
626,521,0.30
627,521,0.30
626,522,0.38
627,522,0.30
626,523,0.96
627,523,0.60
626,524,1.00
627,524,1.00
626,525,1.00
627,525,1.00
626,526,1.00
627,526,1.00
621,527,0.30
622,527,0.30
623,527,0.60
624,527,1.00
625,527,1.00
626,527,1.00
627,527,1.00
628,523,0.30
629,523,0.30
628,524,0.68
629,524,0.60
628,525,1.00
629,525,0.98
628,526,1.00
629,526,1.00
628,527,1.00
629,527,1.00
623,528,0.30
624,528,0.98
625,528,1.00
626,528,1.00
627,528,1.00
628,528,1.00
629,528,1.00
623,529,0.30
624,529,0.90
625,529,1.00
626,529,1.00
627,529,1.00
628,529,1.00
629,529,1.00
630,524,0.30
630,525,0.60
630,526,1.00
630,527,1.00
630,528,1.00
630,529,1.00
624,530,0.60
625,530,0.98
626,530,1.00
627,530,1.00
628,530,1.00
629,530,1.00
630,530,1.00
624,531,0.30
625,531,0.60
626,531,0.98
627,531,1.00
628,531,1.00
629,531,1.00
630,531,1.00
631,526,0.90
631,527,1.00
631,528,1.00
631,529,1.00
631,530,1.00
631,531,1.00
625,532,0.30
626,532,0.60
627,532,1.00
628,532,1.00
629,532,1.00
630,532,1.00
631,532,1.00
632,527,1.00
632,528,1.00
632,529,1.00
632,530,1.00
632,531,1.00
632,532,1.00
626,533,0.30
627,533,0.90
628,533,1.00
629,533,1.00
630,533,1.00
631,533,1.00
632,533,1.00
633,529,1.00
633,530,1.00
633,531,1.00
633,532,1.00
633,533,1.00
627,534,0.60
628,534,1.00
629,534,1.00
630,534,1.00
631,534,1.00
632,534,1.00
633,534,1.00
627,535,0.60
628,535,1.00
629,535,1.00
630,535,1.00
631,535,1.00
632,535,1.00
633,535,1.00
634,529,1.00
634,530,1.00
634,531,1.00
634,532,1.00
634,533,1.00
634,534,1.00
634,535,1.00
628,536,1.00
629,536,1.00
630,536,1.00
631,536,1.00
632,536,1.00
633,536,1.00
634,536,1.00
628,537,1.00
629,537,1.00
630,537,1.00
631,537,1.00
632,537,1.00
633,537,1.00
634,537,1.00
633,527,1.00
634,527,1.00
635,527,1.00
633,528,1.00
634,528,1.00
635,528,1.00
635,529,1.00
635,530,1.00
635,531,0.98
635,532,0.60
635,533,0.30
632,526,0.98
633,526,1.00
634,526,1.00
635,526,1.00
636,526,1.00
636,527,1.00
636,528,1.00
636,529,1.00
636,530,0.68
636,531,0.60
636,532,0.30
631,525,0.30
632,525,0.60
633,525,1.00
634,525,1.00
635,525,1.00
636,525,1.00
637,525,1.00
637,526,1.00
637,527,1.00
637,528,0.68
637,529,0.60
637,530,0.30
637,531,0.30
632,523,0.30
633,523,0.60
634,523,0.96
635,523,1.00
636,523,1.00
637,523,1.00
638,523,1.00
632,524,0.30
633,524,0.68
634,524,1.00
635,524,1.00
636,524,1.00
637,524,1.00
638,524,1.00
638,525,1.00
638,526,0.98
638,527,0.60
638,528,0.30
638,529,0.30
633,521,0.30
634,521,0.30
635,521,0.60
636,521,0.98
637,521,1.00
638,521,1.00
639,521,1.00
633,522,0.30
634,522,0.38
635,522,0.96
636,522,1.00
637,522,1.00
638,522,1.00
639,522,1.00
639,523,1.00
639,524,1.00
639,525,1.00
639,526,0.60
639,527,0.30
635,520,0.30
636,520,0.60
637,520,0.68
638,520,1.00
639,520,1.00
640,520,1.00
641,520,1.00
640,521,1.00
641,521,1.00
640,522,1.00
641,522,1.00
640,523,1.00
641,523,1.00
640,524,1.00
641,524,0.98
640,525,0.68
641,525,0.60
640,526,0.30
641,526,0.30
636,519,0.30
637,519,0.30
638,519,0.60
639,519,0.98
640,519,1.00
641,519,1.00
642,519,1.00
642,520,1.00
642,521,1.00
642,522,1.00
642,523,0.96
642,524,0.60
642,525,0.30
638,518,0.30
639,518,0.60
640,518,0.96
641,518,1.00
642,518,1.00
643,518,1.00
644,518,1.00
643,519,1.00
644,519,1.00
643,520,1.00
644,520,1.00
643,521,1.00
644,521,1.00
643,522,1.00
644,522,0.90
643,523,0.38
644,523,0.30
643,524,0.30
644,524,0.30
639,516,0.30
640,516,0.30
641,516,0.30
642,516,0.60
643,516,0.90
644,516,0.98
645,516,1.00
639,517,0.30
640,517,0.38
641,517,0.66
642,517,1.00
643,517,1.00
644,517,1.00
645,517,1.00
645,518,1.00
645,519,1.00
645,520,1.00
645,521,1.00
645,522,0.60
646,516,1.00
647,516,1.00
648,516,1.00
646,517,1.00
647,517,1.00
648,517,1.00
646,518,1.00
647,518,1.00
648,518,1.00
646,519,1.00
647,519,1.00
648,519,1.00
646,520,1.00
647,520,1.00
648,520,0.98
646,521,0.96
647,521,0.68
648,521,0.60
646,522,0.30
647,522,0.30
648,522,0.30
643,515,0.30
644,515,0.30
645,515,0.60
646,515,0.98
647,515,1.00
648,515,1.00
649,515,1.00
649,516,1.00
649,517,1.00
649,518,1.00
649,519,1.00
649,520,0.60
649,521,0.30
645,514,0.30
646,514,0.60
647,514,0.98
648,514,1.00
649,514,1.00
650,514,1.00
651,514,1.00
650,515,1.00
651,515,1.00
650,516,1.00
651,516,1.00
650,517,1.00
651,517,1.00
650,518,1.00
651,518,1.00
650,519,0.98
651,519,0.90
650,520,0.30
651,520,0.30
646,513,0.30
647,513,0.60
648,513,0.90
649,513,0.98
650,513,1.00
651,513,1.00
652,513,1.00
652,514,1.00
652,515,1.00
652,516,1.00
652,517,1.00
652,518,1.00
652,519,0.60
653,513,1.00
653,514,1.00
653,515,1.00
653,516,1.00
653,517,1.00
653,518,1.00
653,519,0.30
648,512,0.30
649,512,0.30
650,512,0.60
651,512,0.90
652,512,0.90
653,512,1.00
654,512,1.00
654,513,1.00
654,514,1.00
654,515,1.00
654,516,1.00
654,517,1.00
654,518,0.90
655,512,1.00
656,512,1.00
655,513,1.00
656,513,1.00
655,514,1.00
656,514,1.00
655,515,1.00
656,515,1.00
655,516,1.00
656,516,1.00
655,517,1.00
656,517,1.00
655,518,0.60
656,518,0.60
657,512,1.00
657,513,1.00
657,514,1.00
657,515,1.00
657,516,1.00
657,517,1.00
657,518,0.30
653,511,0.30
654,511,0.60
655,511,0.60
656,511,1.00
657,511,1.00
658,511,1.00
659,511,1.00
658,512,1.00
659,512,1.00
658,513,1.00
659,513,1.00
658,514,1.00
659,514,1.00
658,515,1.00
659,515,1.00
658,516,1.00
659,516,1.00
658,517,1.00
659,517,1.00
660,511,1.00
660,512,1.00
660,513,1.00
660,514,1.00
660,515,1.00
660,516,1.00
660,517,1.00
661,511,1.00
662,511,1.00
661,512,1.00
662,512,1.00
661,513,1.00
662,513,1.00
661,514,1.00
662,514,1.00
661,515,1.00
662,515,1.00
661,516,1.00
662,516,1.00
661,517,1.00
662,517,1.00
663,511,1.00
663,512,1.00
663,513,1.00
663,514,1.00
663,515,1.00
663,516,1.00
663,517,1.00
664,511,1.00
664,512,1.00
664,513,1.00
664,514,1.00
664,515,1.00
664,516,1.00
664,517,1.00
665,511,1.00
666,511,1.00
665,512,1.00
666,512,1.00
665,513,1.00
666,513,1.00
665,514,1.00
666,514,1.00
665,515,1.00
666,515,1.00
665,516,1.00
666,516,1.00
665,517,1.00
666,517,1.00
667,511,0.90
667,512,1.00
667,513,1.00
667,514,1.00
667,515,1.00
667,516,1.00
667,517,1.00
668,511,0.60
669,511,0.60
668,512,1.00
669,512,1.00
668,513,1.00
669,513,1.00
668,514,1.00
669,514,1.00
668,515,1.00
669,515,1.00
668,516,1.00
669,516,1.00
668,517,1.00
669,517,1.00
670,511,0.30
671,511,0.30
670,512,0.98
671,512,0.90
670,513,1.00
671,513,1.00
670,514,1.00
671,514,1.00
670,515,1.00
671,515,1.00
670,516,1.00
671,516,1.00
670,517,1.00
671,517,1.00
665,518,0.30
666,518,0.30
667,518,0.60
668,518,0.60
669,518,1.00
670,518,1.00
671,518,1.00
672,512,0.30
673,512,0.30
672,513,0.68
673,513,0.60
672,514,1.00
673,514,0.96
672,515,1.00
673,515,1.00
672,516,1.00
673,516,1.00
672,517,1.00
673,517,1.00
672,518,1.00
673,518,1.00
674,513,0.30
675,513,0.30
674,514,0.38
675,514,0.30
674,515,0.96
675,515,0.60
674,516,1.00
675,516,0.90
674,517,1.00
675,517,1.00
674,518,1.00
675,518,1.00
669,519,0.60
670,519,0.96
671,519,1.00
672,519,1.00
673,519,1.00
674,519,1.00
675,519,1.00
669,520,0.30
670,520,0.38
671,520,0.96
672,520,1.00
673,520,1.00
674,520,1.00
675,520,1.00
669,521,0.30
670,521,0.30
671,521,0.60
672,521,0.68
673,521,1.00
674,521,1.00
675,521,1.00
676,516,0.30
677,516,0.30
676,517,0.68
677,517,0.60
676,518,1.00
677,518,1.00
676,519,1.00
677,519,1.00
676,520,1.00
677,520,1.00
676,521,1.00
677,521,1.00
671,522,0.30
672,522,0.30
673,522,0.60
674,522,1.00
675,522,1.00
676,522,1.00
677,522,1.00
678,517,0.30
679,517,0.30
678,518,0.68
679,518,0.60
678,519,1.00
679,519,0.98
678,520,1.00
679,520,1.00
678,521,1.00
679,521,1.00
678,522,1.00
679,522,1.00
673,523,0.30
674,523,0.90
675,523,1.00
676,523,1.00
677,523,1.00
678,523,1.00
679,523,1.00
680,518,0.30
680,519,0.60
680,520,1.00
680,521,1.00
680,522,1.00
680,523,1.00
674,524,0.60
675,524,1.00
676,524,1.00
677,524,1.00
678,524,1.00
679,524,1.00
680,524,1.00
674,525,0.30
675,525,0.90
676,525,1.00
677,525,1.00
678,525,1.00
679,525,1.00
680,525,1.00
681,520,0.90
681,521,1.00
681,522,1.00
681,523,1.00
681,524,1.00
681,525,1.00
675,526,0.60
676,526,1.00
677,526,1.00
678,526,1.00
679,526,1.00
680,526,1.00
681,526,1.00
682,520,0.30
682,521,0.60
682,522,0.90
682,523,1.00
682,524,1.00
682,525,1.00
682,526,1.00
676,527,0.30
677,527,1.00
678,527,1.00
679,527,1.00
680,527,1.00
681,527,1.00
682,527,1.00
683,522,0.30
683,523,0.60
683,524,0.90
683,525,1.00
683,526,1.00
683,527,1.00
677,528,1.00
678,528,1.00
679,528,1.00
680,528,1.00
681,528,1.00
682,528,1.00
683,528,1.00
677,529,1.00
678,529,1.00
679,529,1.00
680,529,1.00
681,529,1.00
682,529,1.00
683,529,1.00
677,530,0.90
678,530,1.00
679,530,1.00
680,530,1.00
681,530,1.00
682,530,1.00
683,530,1.00
677,531,0.60
678,531,1.00
679,531,1.00
680,531,1.00
681,531,1.00
682,531,1.00
683,531,1.00
684,526,0.30
684,527,0.60
684,528,0.60
684,529,1.00
684,530,1.00
684,531,1.00
678,532,1.00
679,532,1.00
680,532,1.00
681,532,1.00
682,532,1.00
683,532,1.00
684,532,1.00
678,533,1.00
679,533,1.00
680,533,1.00
681,533,1.00
682,533,1.00
683,533,1.00
684,533,1.00
678,534,1.00
679,534,1.00
680,534,1.00
681,534,1.00
682,534,1.00
683,534,1.00
684,534,1.00
678,535,1.00
679,535,1.00
680,535,1.00
681,535,1.00
682,535,1.00
683,535,1.00
684,535,1.00
678,536,1.00
679,536,1.00
680,536,1.00
681,536,1.00
682,536,1.00
683,536,1.00
684,536,1.00
678,537,1.00
679,537,1.00
680,537,1.00
681,537,1.00
682,537,1.00
683,537,1.00
684,537,1.00
678,538,1.00
679,538,1.00
680,538,1.00
681,538,1.00
682,538,1.00
683,538,1.00
684,538,1.00
678,539,1.00
679,539,1.00
680,539,1.00
681,539,1.00
682,539,1.00
683,539,1.00
684,539,1.00
678,540,1.00
679,540,1.00
680,540,1.00
681,540,1.00
682,540,1.00
683,540,1.00
684,540,1.00
678,541,1.00
679,541,1.00
680,541,1.00
681,541,1.00
682,541,1.00
683,541,1.00
684,541,0.90
678,542,1.00
679,542,1.00
680,542,1.00
681,542,1.00
682,542,1.00
683,542,0.98
684,542,0.60
678,543,1.00
679,543,1.00
680,543,1.00
681,543,1.00
682,543,1.00
683,543,0.60
684,543,0.30
677,538,0.60
677,539,1.00
677,540,1.00
677,541,1.00
677,542,1.00
677,543,1.00
677,544,1.00
678,544,1.00
679,544,1.00
680,544,1.00
681,544,1.00
682,544,0.90
683,544,0.30
676,538,0.30
676,539,0.90
676,540,1.00
676,541,1.00
676,542,1.00
676,543,1.00
676,544,1.00
676,545,1.00
677,545,1.00
678,545,1.00
679,545,1.00
680,545,1.00
681,545,0.60
682,545,0.30
675,539,0.30
675,540,0.60
675,541,0.98
675,542,1.00
675,543,1.00
675,544,1.00
675,545,1.00
674,540,0.30
674,541,0.60
674,542,0.90
674,543,1.00
674,544,1.00
674,545,1.00
674,546,1.00
675,546,1.00
676,546,1.00
677,546,1.00
678,546,1.00
679,546,1.00
680,546,0.90
674,547,1.00
675,547,1.00
676,547,1.00
677,547,1.00
678,547,1.00
679,547,0.98
680,547,0.60
674,548,1.00
675,548,1.00
676,548,1.00
677,548,1.00
678,548,0.98
679,548,0.60
680,548,0.30
673,543,0.30
673,544,0.60
673,545,1.00
673,546,1.00
673,547,1.00
673,548,1.00
673,549,1.00
674,549,1.00
675,549,1.00
676,549,1.00
677,549,1.00
678,549,0.60
679,549,0.30
672,544,0.30
672,545,0.90
672,546,1.00
672,547,1.00
672,548,1.00
672,549,1.00
672,550,1.00
673,550,1.00
674,550,1.00
675,550,1.00
676,550,1.00
677,550,0.90
678,550,0.30
671,545,0.60
671,546,0.90
671,547,1.00
671,548,1.00
671,549,1.00
671,550,1.00
671,551,1.00
672,551,1.00
673,551,1.00
674,551,1.00
675,551,1.00
676,551,0.90
677,551,0.60
670,546,0.30
670,547,0.90
670,548,1.00
670,549,1.00
670,550,1.00
670,551,1.00
670,552,1.00
671,552,1.00
672,552,1.00
673,552,1.00
674,552,1.00
675,552,0.90
676,552,0.30
669,547,0.60
669,548,1.00
669,549,1.00
669,550,1.00
669,551,1.00
669,552,1.00
669,553,1.00
670,553,1.00
671,553,1.00
672,553,1.00
673,553,1.00
674,553,0.90
675,553,0.60
668,548,1.00
668,549,1.00
668,550,1.00
668,551,1.00
668,552,1.00
668,553,1.00
668,554,1.00
669,554,1.00
670,554,1.00
671,554,1.00
672,554,1.00
673,554,0.60
674,554,0.30
667,548,1.00
667,549,1.00
667,550,1.00
667,551,1.00
667,552,1.00
667,553,1.00
667,554,1.00
666,548,1.00
666,549,1.00
666,550,1.00
666,551,1.00
666,552,1.00
666,553,1.00
666,554,1.00
665,548,0.90
665,549,1.00
665,550,1.00
665,551,1.00
665,552,1.00
665,553,1.00
665,554,1.00
664,548,0.60
664,549,1.00
664,550,1.00
664,551,1.00
664,552,1.00
664,553,1.00
664,554,1.00
663,548,0.30
663,549,1.00
663,550,1.00
663,551,1.00
663,552,1.00
663,553,1.00
663,554,1.00
662,549,1.00
662,550,1.00
662,551,1.00
662,552,1.00
662,553,1.00
662,554,1.00
662,555,1.00
663,555,1.00
664,555,1.00
665,555,1.00
666,555,1.00
667,555,0.60
668,555,0.30
661,549,1.00
661,550,1.00
661,551,1.00
661,552,1.00
661,553,1.00
661,554,1.00
661,555,1.00
660,549,1.00
660,550,1.00
660,551,1.00
660,552,1.00
660,553,1.00
660,554,1.00
660,555,1.00
659,549,1.00
659,550,1.00
659,551,1.00
659,552,1.00
659,553,1.00
659,554,1.00
659,555,1.00
658,549,1.00
658,550,1.00
658,551,1.00
658,552,1.00
658,553,1.00
658,554,1.00
658,555,1.00
657,549,0.90
657,550,1.00
657,551,1.00
657,552,1.00
657,553,1.00
657,554,1.00
657,555,1.00
656,549,0.60
656,550,1.00
656,551,1.00
656,552,1.00
656,553,1.00
656,554,1.00
656,555,1.00
656,556,0.60
657,556,0.60
658,556,0.60
659,556,0.60
660,556,0.60
661,556,0.60
662,556,0.60

