521,631,1.00
522,631,1.00
523,631,1.00
524,631,1.00
525,631,1.00
526,631,0.90
527,631,0.90
521,632,1.00
522,632,1.00
523,632,1.00
524,632,1.00
525,632,1.00
526,632,1.00
527,632,0.90
521,633,1.00
522,633,1.00
523,633,1.00
524,633,1.00
525,633,1.00
526,633,1.00
527,633,0.90
521,634,1.00
522,634,1.00
523,634,1.00
524,634,1.00
525,634,1.00
526,634,1.00
527,634,0.90
521,635,1.00
522,635,1.00
523,635,1.00
524,635,1.00
525,635,1.00
526,635,1.00
527,635,0.90
521,636,1.00
522,636,1.00
523,636,1.00
524,636,1.00
525,636,1.00
526,636,1.00
527,636,0.90
521,637,1.00
522,637,1.00
523,637,1.00
524,637,1.00
525,637,1.00
526,637,0.90
527,637,0.90
519,631,0.90
520,631,0.90
519,632,1.00
520,632,1.00
519,633,1.00
520,633,1.00
519,634,1.00
520,634,1.00
519,635,1.00
520,635,1.00
519,636,1.00
520,636,1.00
519,637,1.00
520,637,1.00
517,631,0.60
518,631,0.60
517,632,1.00
518,632,1.00
517,633,1.00
518,633,1.00
517,634,1.00
518,634,1.00
517,635,1.00
518,635,1.00
517,636,1.00
518,636,1.00
517,637,1.00
518,637,1.00
516,631,0.30
516,632,1.00
516,633,1.00
516,634,1.00
516,635,1.00
516,636,1.00
516,637,1.00
515,632,0.90
515,633,1.00
515,634,1.00
515,635,1.00
515,636,1.00
515,637,1.00
515,638,1.00
516,638,1.00
517,638,1.00
518,638,0.90
519,638,0.60
520,638,0.30
521,638,0.30
513,632,0.60
514,632,0.60
513,633,0.98
514,633,1.00
513,634,1.00
514,634,1.00
513,635,1.00
514,635,1.00
513,636,1.00
514,636,1.00
513,637,1.00
514,637,1.00
513,638,1.00
514,638,1.00
512,632,0.30
512,633,0.60
512,634,1.00
512,635,1.00
512,636,1.00
512,637,1.00
512,638,1.00
511,633,0.30
511,634,0.90
511,635,1.00
511,636,1.00
511,637,1.00
511,638,1.00
511,639,1.00
512,639,1.00
513,639,1.00
514,639,1.00
515,639,0.98
516,639,0.60
517,639,0.30
510,634,0.60
510,635,0.98
510,636,1.00
510,637,1.00
510,638,1.00
510,639,1.00
510,640,1.00
511,640,1.00
512,640,1.00
513,640,1.00
514,640,0.60
515,640,0.60
516,640,0.30
509,634,0.30
509,635,0.60
509,636,1.00
509,637,1.00
509,638,1.00
509,639,1.00
509,640,1.00
507,635,0.30
508,635,0.30
507,636,0.90
508,636,0.98
507,637,1.00
508,637,1.00
507,638,1.00
508,638,1.00
507,639,1.00
508,639,1.00
507,640,1.00
508,640,1.00
507,641,1.00
508,641,1.00
509,641,1.00
510,641,1.00
511,641,1.00
512,641,0.98
513,641,0.60
507,642,1.00
508,642,1.00
509,642,1.00
510,642,1.00
511,642,1.00
512,642,0.60
513,642,0.30
506,636,0.30
506,637,0.60
506,638,1.00
506,639,1.00
506,640,1.00
506,641,1.00
506,642,1.00
505,637,0.30
505,638,1.00
505,639,1.00
505,640,1.00
505,641,1.00
505,642,1.00
505,643,1.00
506,643,1.00
507,643,1.00
508,643,1.00
509,643,1.00
510,643,0.98
511,643,0.60
505,644,1.00
506,644,1.00
507,644,1.00
508,644,1.00
509,644,1.00
510,644,0.60
511,644,0.30
504,638,0.60
504,639,0.98
504,640,1.00
504,641,1.00
504,642,1.00
504,643,1.00
504,644,1.00
503,638,0.30
503,639,0.60
503,640,1.00
503,641,1.00
503,642,1.00
503,643,1.00
503,644,1.00
503,645,1.00
504,645,1.00
505,645,1.00
506,645,1.00
507,645,1.00
508,645,0.98
509,645,0.60
503,646,1.00
504,646,1.00
505,646,1.00
506,646,1.00
507,646,1.00
508,646,0.60
509,646,0.30
502,640,0.30
502,641,0.60
502,642,0.98
502,643,1.00
502,644,1.00
502,645,1.00
502,646,1.00
501,641,0.30
501,642,0.60
501,643,0.90
501,644,1.00
501,645,1.00
501,646,1.00
501,647,1.00
502,647,1.00
503,647,1.00
504,647,1.00
505,647,1.00
506,647,1.00
507,647,1.00
501,648,1.00
502,648,1.00
503,648,1.00
504,648,1.00
505,648,1.00
506,648,1.00
507,648,1.00
501,649,1.00
502,649,1.00
503,649,1.00
504,649,1.00
505,649,1.00
506,649,1.00
507,649,0.90
501,650,1.00
502,650,1.00
503,650,1.00
504,650,1.00
505,650,1.00
506,650,1.00
507,650,0.60
501,651,1.00
502,651,1.00
503,651,1.00
504,651,1.00
505,651,1.00
506,651,1.00
507,651,0.30
501,652,1.00
502,652,1.00
503,652,1.00
504,652,1.00
505,652,1.00
506,652,1.00
507,652,0.30
500,647,0.30
500,648,0.60
500,649,0.60
500,650,1.00
500,651,1.00
500,652,1.00
500,653,1.00
501,653,1.00
502,653,1.00
503,653,1.00
504,653,1.00
505,653,1.00
506,653,0.90
500,654,1.00
501,654,1.00
502,654,1.00
503,654,1.00
504,654,1.00
505,654,1.00
506,654,0.90
500,655,1.00
501,655,1.00
502,655,1.00
503,655,1.00
504,655,1.00
505,655,1.00
506,655,0.90
500,656,1.00
501,656,1.00
502,656,1.00
503,656,1.00
504,656,1.00
505,656,1.00
506,656,1.00
499,650,0.30
499,651,0.60
499,652,0.90
499,653,1.00
499,654,1.00
499,655,1.00
499,656,1.00
499,657,1.00
500,657,1.00
501,657,1.00
502,657,1.00
503,657,1.00
504,657,1.00
505,657,1.00
499,658,0.90
500,658,1.00
501,658,1.00
502,658,1.00
503,658,1.00
504,658,1.00
505,658,1.00
499,659,0.60
500,659,1.00
501,659,1.00
502,659,1.00
503,659,1.00
504,659,1.00
505,659,1.00
499,660,0.30
500,660,0.90
501,660,1.00
502,660,1.00
503,660,1.00
504,660,1.00
505,660,1.00
506,657,1.00
506,658,1.00
506,659,1.00
506,660,1.00
500,661,0.30
501,661,1.00
502,661,1.00
503,661,1.00
504,661,1.00
505,661,1.00
506,661,1.00
507,656,0.30
507,657,0.60
507,658,0.90
507,659,0.90
507,660,1.00
507,661,1.00
501,662,0.90
502,662,1.00
503,662,1.00
504,662,1.00
505,662,1.00
506,662,1.00
507,662,1.00
501,663,0.60
502,663,0.68
503,663,1.00
504,663,1.00
505,663,1.00
506,663,1.00
507,663,1.00
501,664,0.30
502,664,0.30
503,664,0.90
504,664,1.00
505,664,1.00
506,664,1.00
507,664,1.00
508,660,0.30
509,660,0.30
508,661,0.68
509,661,0.60
508,662,1.00
509,662,0.90
508,663,1.00
509,663,1.00
508,664,1.00
509,664,1.00
503,665,0.60
504,665,1.00
505,665,1.00
506,665,1.00
507,665,1.00
508,665,1.00
509,665,1.00
503,666,0.60
504,666,0.98
505,666,1.00
506,666,1.00
507,666,1.00
508,666,1.00
509,666,1.00
503,667,0.30
504,667,0.60
505,667,1.00
506,667,1.00
507,667,1.00
508,667,1.00
509,667,1.00
510,662,0.30
510,663,1.00
510,664,1.00
510,665,1.00
510,666,1.00
510,667,1.00
504,668,0.30
505,668,0.90
506,668,1.00
507,668,1.00
508,668,1.00
509,668,1.00
510,668,1.00
511,663,0.90
511,664,1.00
511,665,1.00
511,666,1.00
511,667,1.00
511,668,1.00
505,669,0.60
506,669,0.90
507,669,1.00
508,669,1.00
509,669,1.00
510,669,1.00
511,669,1.00
512,663,0.30
512,664,0.60
512,665,1.00
512,666,1.00
512,667,1.00
512,668,1.00
512,669,1.00
513,664,0.30
513,665,0.90
513,666,1.00
513,667,1.00
513,668,1.00
513,669,1.00
507,670,0.30
508,670,0.60
509,670,0.98
510,670,1.00
511,670,1.00
512,670,1.00
513,670,1.00
514,665,0.60
514,666,0.68
514,667,1.00
514,668,1.00
514,669,1.00
514,670,1.00
508,671,0.30
509,671,0.60
510,671,0.60
511,671,0.90
512,671,1.00
513,671,1.00
514,671,1.00
515,665,0.30
515,666,0.30
515,667,1.00
515,668,1.00
515,669,1.00
515,670,1.00
515,671,1.00
516,667,0.90
517,667,0.90
516,668,1.00
517,668,1.00
516,669,1.00
517,669,1.00
516,670,1.00
517,670,1.00
516,671,1.00
517,671,1.00
511,672,0.30
512,672,0.38
513,672,1.00
514,672,1.00
515,672,1.00
516,672,1.00
517,672,1.00
511,673,0.30
512,673,0.30
513,673,0.90
514,673,0.90
515,673,1.00
516,673,1.00
517,673,1.00
518,667,0.60
519,667,0.60
518,668,1.00
519,668,1.00
518,669,1.00
519,669,1.00
518,670,1.00
519,670,1.00
518,671,1.00
519,671,1.00
518,672,1.00
519,672,1.00
518,673,1.00
519,673,1.00
520,668,1.00
521,668,1.00
520,669,1.00
521,669,1.00
520,670,1.00
521,670,1.00
520,671,1.00
521,671,1.00
520,672,1.00
521,672,1.00
520,673,1.00
521,673,1.00
515,674,0.30
516,674,0.60
517,674,1.00
518,674,1.00
519,674,1.00
520,674,1.00
521,674,1.00
522,668,1.00
522,669,1.00
522,670,1.00
522,671,1.00
522,672,1.00
522,673,1.00
522,674,1.00
523,668,1.00
523,669,1.00
523,670,1.00
523,671,1.00
523,672,1.00
523,673,1.00
523,674,1.00
524,668,1.00
524,669,1.00
524,670,1.00
524,671,1.00
524,672,1.00
524,673,1.00
524,674,1.00
525,668,1.00
525,669,1.00
525,670,1.00
525,671,1.00
525,672,1.00
525,673,1.00
525,674,0.90
526,668,1.00
526,669,1.00
526,670,1.00
526,671,1.00
526,672,1.00
526,673,1.00
526,674,0.30
521,667,0.60
522,667,0.60
523,667,1.00
524,667,1.00
525,667,1.00
526,667,1.00
527,667,1.00
527,668,1.00
527,669,1.00
527,670,1.00
527,671,1.00
527,672,1.00
527,673,0.90
528,667,1.00
529,667,1.00
528,668,1.00
529,668,1.00
528,669,1.00
529,669,1.00
528,670,1.00
529,670,1.00
528,671,1.00
529,671,0.90
528,672,0.68
529,672,0.60
528,673,0.30
529,673,0.30
523,666,0.30
524,666,0.30
525,666,0.60
526,666,0.98
527,666,1.00
528,666,1.00
529,666,1.00
525,665,0.30
526,665,0.60
527,665,0.98
528,665,1.00
529,665,1.00
530,665,1.00
531,665,1.00
530,666,1.00
531,666,1.00
530,667,1.00
531,667,1.00
530,668,1.00
531,668,1.00
530,669,1.00
531,669,0.98
530,670,0.68
531,670,0.60
530,671,0.30
531,671,0.30
526,664,0.30
527,664,0.60
528,664,0.68
529,664,1.00
530,664,1.00
531,664,1.00
532,664,1.00
532,665,1.00
532,666,1.00
532,667,1.00
532,668,0.98
532,669,0.60
532,670,0.30
527,663,0.30
528,663,0.30
529,663,0.60
530,663,0.98
531,663,1.00
532,663,1.00
533,663,1.00
533,664,1.00
533,665,1.00
533,666,1.00
533,667,1.00
533,668,0.60
533,669,0.30
529,662,0.30
530,662,0.60
531,662,0.98
532,662,1.00
533,662,1.00
534,662,1.00
535,662,1.00
534,663,1.00
535,663,1.00
534,664,1.00
535,664,1.00
534,665,1.00
535,665,1.00
534,666,1.00
535,666,0.98
534,667,0.68
535,667,0.60
534,668,0.30
535,668,0.30
530,661,0.30
531,661,0.60
532,661,0.68
533,661,1.00
534,661,1.00
535,661,1.00
536,661,1.00
536,662,1.00
536,663,1.00
536,664,1.00
536,665,0.68
536,666,0.60
536,667,0.30
531,660,0.30
532,660,0.30
533,660,0.60
534,660,0.96
535,660,1.00
536,660,1.00
537,660,1.00
537,661,1.00
537,662,1.00
537,663,0.96
537,664,0.60
537,665,0.30
537,666,0.30
533,658,0.30
534,658,0.30
535,658,0.60
536,658,0.96
537,658,1.00
538,658,1.00
539,658,1.00
533,659,0.30
534,659,0.38
535,659,0.96
536,659,1.00
537,659,1.00
538,659,1.00
539,659,1.00
538,660,1.00
539,660,1.00
538,661,1.00
539,661,0.96
538,662,0.96
539,662,0.60
538,663,0.38
539,663,0.30
538,664,0.30
539,664,0.30
535,656,0.30
536,656,0.30
537,656,0.60
538,656,0.96
539,656,1.00
540,656,1.00
541,656,1.00
535,657,0.30
536,657,0.38
537,657,0.96
538,657,1.00
539,657,1.00
540,657,1.00
541,657,1.00
540,658,1.00
541,658,1.00
540,659,1.00
541,659,0.96
540,660,0.96
541,660,0.60
540,661,0.38
541,661,0.30
540,662,0.30
541,662,0.30
537,654,0.30
538,654,0.30
539,654,0.60
540,654,1.00
541,654,1.00
542,654,1.00
543,654,1.00
537,655,0.30
538,655,0.38
539,655,0.96
540,655,1.00
541,655,1.00
542,655,1.00
543,655,1.00
542,656,1.00
543,656,1.00
542,657,1.00
543,657,1.00
542,658,0.96
543,658,0.60
542,659,0.38
543,659,0.30
542,660,0.30
543,660,0.30
539,652,0.30
540,652,0.60
541,652,0.68
542,652,1.00
543,652,1.00
544,652,1.00
545,652,1.00
539,653,0.30
540,653,0.68
541,653,1.00
542,653,1.00
543,653,1.00
544,653,1.00
545,653,1.00
544,654,1.00
545,654,1.00
544,655,1.00
545,655,1.00
544,656,1.00
545,656,0.68
544,657,0.68
545,657,0.60
544,658,0.30
545,658,0.30
540,651,0.30
541,651,0.30
542,651,0.60
543,651,0.96
544,651,1.00
545,651,1.00
546,651,1.00
546,652,1.00
546,653,1.00
546,654,1.00
546,655,0.60
546,656,0.30
546,657,0.30
542,649,0.30
543,649,0.30
544,649,0.60
545,649,0.98
546,649,1.00
547,649,1.00
548,649,1.00
542,650,0.30
543,650,0.38
544,650,0.96
545,650,1.00
546,650,1.00
547,650,1.00
548,650,1.00
547,651,1.00
548,651,1.00
547,652,1.00
548,652,1.00
547,653,1.00
548,653,1.00
547,654,0.98
548,654,0.90
547,655,0.30
548,655,0.30
544,648,0.30
545,648,0.60
546,648,0.60
547,648,0.90
548,648,1.00
549,648,1.00
550,648,1.00
549,649,1.00
550,649,1.00
549,650,1.00
550,650,1.00
549,651,1.00
550,651,1.00
549,652,1.00
550,652,1.00
549,653,1.00
550,653,0.98
549,654,0.60
550,654,0.60
551,648,1.00
551,649,1.00
551,650,1.00
551,651,1.00
551,652,1.00
551,653,0.60
551,654,0.30
547,647,0.30
548,647,0.60
549,647,0.68
550,647,1.00
551,647,1.00
552,647,1.00
553,647,1.00
552,648,1.00
553,648,1.00
552,649,1.00
553,649,1.00
552,650,1.00
553,650,1.00
552,651,1.00
553,651,1.00
552,652,0.98
553,652,0.90
552,653,0.30
553,653,0.30
548,646,0.30
549,646,0.30
550,646,0.60
551,646,0.60
552,646,0.90
553,646,0.98
554,646,1.00
554,647,1.00
554,648,1.00
554,649,1.00
554,650,1.00
554,651,1.00
554,652,0.60
555,646,1.00
556,646,1.00
555,647,1.00
556,647,1.00
555,648,1.00
556,648,1.00
555,649,1.00
556,649,1.00
555,650,1.00
556,650,1.00
555,651,0.98
556,651,0.90
555,652,0.30
556,652,0.30
552,645,0.30
553,645,0.30
554,645,0.60
555,645,0.90
556,645,1.00
557,645,1.00
558,645,1.00
557,646,1.00
558,646,1.00
557,647,1.00
558,647,1.00
557,648,1.00
558,648,1.00
557,649,1.00
558,649,1.00
557,650,1.00
558,650,1.00
557,651,0.60
558,651,0.60
559,645,1.00
560,645,1.00
559,646,1.00
560,646,1.00
559,647,1.00
560,647,1.00
559,648,1.00
560,648,1.00
559,649,1.00
560,649,1.00
559,650,1.00
560,650,1.00
559,651,0.30
560,651,0.30
555,644,0.30
556,644,0.60
557,644,0.60
558,644,0.90
559,644,1.00
560,644,1.00
561,644,1.00
561,645,1.00
561,646,1.00
561,647,1.00
561,648,1.00
561,649,1.00
561,650,1.00
562,644,1.00
562,645,1.00
562,646,1.00
562,647,1.00
562,648,1.00
562,649,1.00
562,650,1.00
563,644,1.00
564,644,1.00
563,645,1.00
564,645,1.00
563,646,1.00
564,646,1.00
563,647,1.00
564,647,1.00
563,648,1.00
564,648,1.00
563,649,1.00
564,649,1.00
563,650,1.00
564,650,1.00
565,644,0.90
565,645,1.00
565,646,1.00
565,647,1.00
565,648,1.00
565,649,1.00
565,650,1.00
566,644,0.60
566,645,1.00
566,646,1.00
566,647,1.00
566,648,1.00
566,649,1.00
566,650,1.00
567,645,0.60
568,645,0.60
567,646,1.00
568,646,1.00
567,647,1.00
568,647,1.00
567,648,1.00
568,648,1.00
567,649,1.00
568,649,1.00
567,650,1.00
568,650,1.00
562,651,0.90
563,651,1.00
564,651,1.00
565,651,1.00
566,651,1.00
567,651,1.00
568,651,1.00
562,652,0.30
563,652,0.60
564,652,1.00
565,652,1.00
566,652,1.00
567,652,1.00
568,652,1.00
569,646,0.30
569,647,0.60
569,648,0.98
569,649,1.00
569,650,1.00
569,651,1.00
569,652,1.00
570,647,0.30
570,648,0.60
570,649,0.90
570,650,1.00
570,651,1.00
570,652,1.00
564,653,0.60
565,653,0.98
566,653,1.00
567,653,1.00
568,653,1.00
569,653,1.00
570,653,1.00
564,654,0.30
565,654,0.60
566,654,1.00
567,654,1.00
568,654,1.00
569,654,1.00
570,654,1.00
571,649,0.30
571,650,0.60
571,651,0.98
571,652,1.00
571,653,1.00
571,654,1.00
565,655,0.30
566,655,1.00
567,655,1.00
568,655,1.00
569,655,1.00
570,655,1.00
571,655,1.00
572,650,0.30
572,651,0.60
572,652,1.00
572,653,1.00
572,654,1.00
572,655,1.00
566,656,1.00
567,656,1.00
568,656,1.00
569,656,1.00
570,656,1.00
571,656,1.00
572,656,1.00
566,657,0.90
567,657,1.00
568,657,1.00
569,657,1.00
570,657,1.00
571,657,1.00
572,657,1.00
566,658,0.60
567,658,1.00
568,658,1.00
569,658,1.00
570,658,1.00
571,658,1.00
572,658,1.00
573,654,0.30
573,655,0.60
573,656,1.00
573,657,1.00
573,658,1.00
567,659,0.60
568,659,1.00
569,659,1.00
570,659,1.00
571,659,1.00
572,659,1.00
573,659,1.00
567,660,0.60
568,660,1.00
569,660,1.00
570,660,1.00
571,660,1.00
572,660,1.00
573,660,1.00
567,661,0.30
568,661,1.00
569,661,1.00
570,661,1.00
571,661,1.00
572,661,1.00
573,661,1.00
574,656,0.60
574,657,0.60
574,658,1.00
574,659,1.00
574,660,1.00
574,661,1.00
568,662,1.00
569,662,1.00
570,662,1.00
571,662,1.00
572,662,1.00
573,662,1.00
574,662,1.00
568,663,1.00
569,663,1.00
570,663,1.00
571,663,1.00
572,663,1.00
573,663,1.00
574,663,1.00
568,664,1.00
569,664,1.00
570,664,1.00
571,664,1.00
572,664,1.00
573,664,1.00
574,664,1.00
568,665,1.00
569,665,1.00
570,665,1.00
571,665,1.00
572,665,1.00
573,665,1.00
574,665,1.00
568,666,1.00
569,666,1.00
570,666,1.00
571,666,1.00
572,666,1.00
573,666,1.00
574,666,1.00
568,667,1.00
569,667,1.00
570,667,1.00
571,667,1.00
572,667,1.00
573,667,1.00
574,667,1.00
568,668,1.00
569,668,1.00
570,668,1.00
571,668,1.00
572,668,1.00
573,668,1.00
574,668,1.00
568,669,1.00
569,669,1.00
570,669,1.00
571,669,1.00
572,669,1.00
573,669,1.00
574,669,1.00
568,670,1.00
569,670,1.00
570,670,1.00
571,670,1.00
572,670,1.00
573,670,1.00
574,670,1.00
568,671,1.00
569,671,1.00
570,671,1.00
571,671,1.00
572,671,1.00
573,671,1.00
574,671,1.00
568,672,1.00
569,672,1.00
570,672,1.00
571,672,1.00
572,672,1.00
573,672,1.00
574,672,0.90
568,673,1.00
569,673,1.00
570,673,1.00
571,673,1.00
572,673,1.00
573,673,1.00
574,673,0.90
568,674,1.00
569,674,1.00
570,674,1.00
571,674,1.00
572,674,1.00
573,674,1.00
574,674,0.60
568,675,1.00
569,675,1.00
570,675,1.00
571,675,1.00
572,675,1.00
573,675,0.90
574,675,0.30
567,670,0.30
567,671,0.90
567,672,0.98
567,673,1.00
567,674,1.00
567,675,1.00
567,676,1.00
568,676,1.00
569,676,1.00
570,676,1.00
571,676,1.00
572,676,1.00
573,676,0.60
567,677,1.00
568,677,1.00
569,677,1.00
570,677,1.00
571,677,1.00
572,677,0.90
573,677,0.30
566,671,0.30
566,672,0.30
566,673,0.90
566,674,1.00
566,675,1.00
566,676,1.00
566,677,1.00
566,678,1.00
567,678,1.00
568,678,1.00
569,678,1.00
570,678,1.00
571,678,0.68
572,678,0.30
566,679,1.00
567,679,1.00
568,679,1.00
569,679,1.00
570,679,1.00
571,679,0.60
572,679,0.30
565,673,0.30
565,674,0.60
565,675,1.00
565,676,1.00
565,677,1.00
565,678,1.00
565,679,1.00
564,674,0.30
564,675,0.90
564,676,0.98
564,677,1.00
564,678,1.00
564,679,1.00
564,680,1.00
565,680,1.00
566,680,1.00
567,680,1.00
568,680,1.00
569,680,0.98
570,680,0.60
564,681,1.00
565,681,1.00
566,681,1.00
567,681,1.00
568,681,0.90
569,681,0.60
570,681,0.30
563,675,0.30
563,676,0.30
563,677,1.00
563,678,1.00
563,679,1.00
563,680,1.00
563,681,1.00
562,677,0.90
562,678,1.00
562,679,1.00
562,680,1.00
562,681,1.00
562,682,1.00
563,682,1.00
564,682,1.00
565,682,1.00
566,682,1.00
567,682,0.68
568,682,0.30
562,683,1.00
563,683,1.00
564,683,1.00
565,683,1.00
566,683,0.90
567,683,0.60
568,683,0.30
561,677,0.60
561,678,0.98
561,679,1.00
561,680,1.00
561,681,1.00
561,682,1.00
561,683,1.00
560,677,0.30
560,678,0.60
560,679,1.00
560,680,1.00
560,681,1.00
560,682,1.00
560,683,1.00
559,678,0.30
559,679,0.90
559,680,1.00
559,681,1.00
559,682,1.00
559,683,1.00
559,684,1.00
560,684,1.00
561,684,1.00
562,684,1.00
563,684,0.68
564,684,0.60
565,684,0.30
558,679,0.60
558,680,1.00
558,681,1.00
558,682,1.00
558,683,1.00
558,684,1.00
558,685,0.98
559,685,0.90
560,685,0.60
561,685,0.60
562,685,0.60
563,685,0.30
564,685,0.30
556,679,0.30
557,679,0.30
556,680,0.60
557,680,0.68
556,681,1.00
557,681,1.00
556,682,1.00
557,682,1.00
556,683,1.00
557,683,1.00
556,684,1.00
557,684,1.00
556,685,1.00
557,685,0.96
553,680,0.30
554,680,0.30
555,680,0.30
553,681,0.90
554,681,0.98
555,681,0.96
553,682,1.00
554,682,1.00
555,682,1.00
553,683,1.00
554,683,1.00
555,683,1.00
553,684,1.00
554,684,1.00
555,684,1.00
553,685,1.00
554,685,1.00
555,685,1.00
553,686,1.00
554,686,1.00
555,686,0.68
556,686,0.60
557,686,0.30
558,686,0.30
559,686,0.30
550,681,0.60
551,681,0.60
552,681,0.60
550,682,1.00
551,682,1.00
552,682,1.00
550,683,1.00
551,683,1.00
552,683,1.00
550,684,1.00
551,684,1.00
552,684,1.00
550,685,1.00
551,685,1.00
552,685,1.00
550,686,1.00
551,686,1.00
552,686,1.00
550,687,1.00
551,687,1.00
552,687,1.00
553,687,0.60
554,687,0.60
555,687,0.30
556,687,0.30
548,681,0.30
549,681,0.30
548,682,1.00
549,682,1.00
548,683,1.00
549,683,1.00
548,684,1.00
549,684,1.00
548,685,1.00
549,685,1.00
548,686,1.00
549,686,1.00
548,687,1.00
549,687,1.00
546,682,1.00
547,682,1.00
546,683,1.00
547,683,1.00
546,684,1.00
547,684,1.00
546,685,1.00
547,685,1.00
546,686,1.00
547,686,1.00
546,687,1.00
547,687,1.00
546,688,1.00
547,688,1.00
548,688,1.00
549,688,1.00
550,688,1.00
551,688,1.00
552,688,0.90
545,682,0.60
545,683,1.00
545,684,1.00
545,685,1.00
545,686,1.00
545,687,1.00
545,688,1.00
545,689,0.90
546,689,0.90
547,689,0.90
548,689,0.90
549,689,0.90
550,689,0.90
551,689,0.90

551,570,1.00
552,570,1.00
553,570,1.00
554,570,1.00
555,570,1.00
556,570,1.00
557,570,1.00
551,571,1.00
552,571,1.00
553,571,1.00
554,571,1.00
555,571,1.00
556,571,1.00
557,571,1.00
551,572,1.00
552,572,1.00
553,572,1.00
554,572,1.00
555,572,1.00
556,572,1.00
557,572,1.00
551,573,1.00
552,573,1.00
553,573,1.00
554,573,1.00
555,573,1.00
556,573,1.00
557,573,1.00
551,574,1.00
552,574,1.00
553,574,1.00
554,574,1.00
555,574,1.00
556,574,1.00
557,574,1.00
551,575,1.00
552,575,1.00
553,575,1.00
554,575,1.00
555,575,1.00
556,575,1.00
557,575,1.00
551,576,1.00
552,576,1.00
553,576,1.00
554,576,1.00
555,576,1.00
556,576,1.00
557,576,1.00
551,569,0.30
552,569,0.30
553,569,0.30
554,569,0.30
555,569,0.30
556,569,0.30
557,569,0.30
551,577,1.00
552,577,1.00
553,577,1.00
554,577,1.00
555,577,1.00
556,577,0.90
557,577,0.30
550,571,0.30
550,572,0.30
550,573,0.90
550,574,1.00
550,575,1.00
550,576,1.00
550,577,1.00
550,578,1.00
551,578,1.00
552,578,1.00
553,578,1.00
554,578,1.00
555,578,0.68
556,578,0.30
550,579,1.00
551,579,1.00
552,579,1.00
553,579,1.00
554,579,0.90
555,579,0.60
556,579,0.30
549,573,0.30
549,574,0.60
549,575,0.68
549,576,1.00
549,577,1.00
549,578,1.00
549,579,1.00
548,574,0.30
548,575,0.30
548,576,0.60
548,577,0.98
548,578,1.00
548,579,1.00
548,580,1.00
549,580,1.00
550,580,1.00
551,580,1.00
552,580,1.00
553,580,0.60
554,580,0.30
547,576,0.30
547,577,0.60
547,578,0.68
547,579,1.00
547,580,1.00
547,581,1.00
548,581,1.00
549,581,1.00
550,581,1.00
551,581,1.00
552,581,0.68
553,581,0.30
547,582,1.00
548,582,1.00
549,582,1.00
550,582,1.00
551,582,0.98
552,582,0.60
553,582,0.30
546,577,0.30
546,578,0.30
546,579,0.90
546,580,1.00
546,581,1.00
546,582,1.00
546,583,1.00
547,583,1.00
548,583,1.00
549,583,1.00
550,583,1.00
551,583,0.60
552,583,0.30
545,579,0.60
545,580,0.68
545,581,1.00
545,582,1.00
545,583,1.00
545,584,1.00
546,584,1.00
547,584,1.00
548,584,1.00
549,584,1.00
550,584,0.68
551,584,0.30
545,585,1.00
546,585,1.00
547,585,1.00
548,585,1.00
549,585,0.90
550,585,0.60
551,585,0.30
544,579,0.30
544,580,0.30
544,581,0.90
544,582,1.00
544,583,1.00
544,584,1.00
544,585,1.00
543,581,0.60
543,582,0.98
543,583,1.00
543,584,1.00
543,585,1.00
543,586,1.00
544,586,1.00
545,586,1.00
546,586,1.00
547,586,1.00
548,586,0.98
549,586,0.30
543,587,1.00
544,587,1.00
545,587,1.00
546,587,1.00
547,587,0.98
548,587,0.90
549,587,0.30
542,581,0.30
542,582,0.60
542,583,0.90
542,584,1.00
542,585,1.00
542,586,1.00
542,587,1.00
542,588,1.00
543,588,1.00
544,588,1.00
545,588,1.00
546,588,0.60
547,588,0.30
548,588,0.30
540,583,0.30
541,583,0.30
540,584,0.60
541,584,0.68
540,585,1.00
541,585,1.00
540,586,1.00
541,586,1.00
540,587,1.00
541,587,1.00
540,588,1.00
541,588,1.00
540,589,1.00
541,589,1.00
542,589,1.00
543,589,1.00
544,589,1.00
545,589,0.90
546,589,0.30
539,584,0.30
539,585,0.90
539,586,1.00
539,587,1.00
539,588,1.00
539,589,1.00
539,590,1.00
540,590,1.00
541,590,1.00
542,590,1.00
543,590,1.00
544,590,0.98
545,590,0.60
539,591,1.00
540,591,1.00
541,591,1.00
542,591,1.00
543,591,1.00
544,591,0.60
545,591,0.30
538,585,0.30
538,586,0.60
538,587,1.00
538,588,1.00
538,589,1.00
538,590,1.00
538,591,1.00
537,586,0.30
537,587,1.00
537,588,1.00
537,589,1.00
537,590,1.00
537,591,1.00
537,592,1.00
538,592,1.00
539,592,1.00
540,592,1.00
541,592,1.00
542,592,1.00
543,592,0.60
537,593,1.00
538,593,1.00
539,593,1.00
540,593,1.00
541,593,1.00
542,593,0.90
543,593,0.30
536,587,0.90
536,588,1.00
536,589,1.00
536,590,1.00
536,591,1.00
536,592,1.00
536,593,1.00
535,587,0.30
535,588,0.60
535,589,0.90
535,590,1.00
535,591,1.00
535,592,1.00
535,593,1.00
535,594,1.00
536,594,1.00
537,594,1.00
538,594,1.00
539,594,1.00
540,594,0.98
541,594,0.60
535,595,1.00
536,595,1.00
537,595,1.00
538,595,1.00
539,595,1.00
540,595,0.60
541,595,0.30
534,590,0.30
534,591,0.60
534,592,0.68
534,593,1.00
534,594,1.00
534,595,1.00
534,596,1.00
535,596,1.00
536,596,1.00
537,596,1.00
538,596,1.00
539,596,0.90
540,596,0.30
533,591,0.30
533,592,0.30
533,593,0.60
533,594,0.90
533,595,1.00
533,596,1.00
533,597,1.00
534,597,1.00
535,597,1.00
536,597,1.00
537,597,1.00
538,597,0.96
539,597,0.60
533,598,1.00
534,598,1.00
535,598,1.00
536,598,1.00
537,598,1.00
538,598,0.38
539,598,0.30
533,599,1.00
534,599,1.00
535,599,1.00
536,599,1.00
537,599,0.90
538,599,0.30
539,599,0.30
531,594,0.30
532,594,0.30
531,595,0.60
532,595,0.68
531,596,0.60
532,596,1.00
531,597,0.90
532,597,1.00
531,598,1.00
532,598,1.00
531,599,1.00
532,599,1.00
531,600,1.00
532,600,1.00
533,600,1.00
534,600,1.00
535,600,1.00
536,600,1.00
537,600,0.60
531,601,1.00
532,601,1.00
533,601,1.00
534,601,1.00
535,601,1.00
536,601,1.00
537,601,0.30
530,597,0.30
530,598,0.60
530,599,1.00
530,600,1.00
530,601,1.00
530,602,1.00
531,602,1.00
532,602,1.00
533,602,1.00
534,602,1.00
535,602,1.00
536,602,1.00
530,603,1.00
531,603,1.00
532,603,1.00
533,603,1.00
534,603,1.00
535,603,1.00
536,603,1.00
530,604,0.90
531,604,1.00
532,604,1.00
533,604,1.00
534,604,1.00
535,604,1.00
536,604,0.90
530,605,0.60
531,605,0.60
532,605,0.60
533,605,0.60
534,605,0.60
535,605,0.60
536,605,0.60

544,579,0.60
545,579,0.90
546,579,0.90
547,579,0.90
548,579,0.90
549,579,0.90
550,579,0.90
544,580,0.60
545,580,1.00
546,580,1.00
547,580,1.00
548,580,1.00
549,580,1.00
550,580,1.00
544,581,0.60
545,581,1.00
546,581,1.00
547,581,1.00
548,581,1.00
549,581,1.00
550,581,1.00
544,582,0.60
545,582,1.00
546,582,1.00
547,582,1.00
548,582,1.00
549,582,1.00
550,582,1.00
544,583,0.60
545,583,1.00
546,583,1.00
547,583,1.00
548,583,1.00
549,583,1.00
550,583,1.00
544,584,0.60
545,584,1.00
546,584,1.00
547,584,1.00
548,584,1.00
549,584,1.00
550,584,1.00
544,585,0.60
545,585,0.90
546,585,1.00
547,585,1.00
548,585,1.00
549,585,1.00
550,585,1.00
551,579,0.30
551,580,0.60
551,581,1.00
551,582,1.00
551,583,1.00
551,584,1.00
551,585,1.00
552,580,0.30
552,581,0.90
552,582,1.00
552,583,1.00
552,584,1.00
552,585,1.00
546,586,0.30
547,586,0.60
548,586,0.98
549,586,1.00
550,586,1.00
551,586,1.00
552,586,1.00
553,581,0.60
553,582,0.68
553,583,1.00
553,584,1.00
553,585,1.00
553,586,1.00
547,587,0.30
548,587,0.60
549,587,0.60
550,587,0.90
551,587,1.00
552,587,1.00
553,587,1.00
554,581,0.30
554,582,0.30
554,583,0.90
554,584,1.00
554,585,1.00
554,586,1.00
554,587,1.00
555,583,0.60
556,583,0.60
555,584,1.00
556,584,0.98
555,585,1.00
556,585,1.00
555,586,1.00
556,586,1.00
555,587,1.00
556,587,1.00
550,588,0.30
551,588,0.68
552,588,1.00
553,588,1.00
554,588,1.00
555,588,1.00
556,588,1.00
550,589,0.30
551,589,0.60
552,589,0.90
553,589,1.00
554,589,1.00
555,589,1.00
556,589,1.00
557,583,0.30
557,584,0.60
557,585,0.98
557,586,1.00
557,587,1.00
557,588,1.00
557,589,1.00
558,584,0.30
558,585,0.60
558,586,0.98
558,587,1.00
558,588,1.00
558,589,1.00
552,590,0.30
553,590,0.60
554,590,1.00
555,590,1.00
556,590,1.00
557,590,1.00
558,590,1.00
559,585,0.30
559,586,0.60
559,587,0.98
559,588,1.00
559,589,1.00
559,590,1.00
553,591,0.30
554,591,0.90
555,591,1.00
556,591,1.00
557,591,1.00
558,591,1.00
559,591,1.00
560,586,0.30
560,587,0.60
560,588,0.90
560,589,1.00
560,590,1.00
560,591,1.00
554,592,0.60
555,592,0.68
556,592,1.00
557,592,1.00
558,592,1.00
559,592,1.00
560,592,1.00
554,593,0.30
555,593,0.30
556,593,0.60
557,593,0.98
558,593,1.00
559,593,1.00
560,593,1.00
561,588,0.30
562,588,0.30
561,589,0.68
562,589,0.60
561,590,1.00
562,590,0.68
561,591,1.00
562,591,1.00
561,592,1.00
562,592,1.00
561,593,1.00
562,593,1.00
556,594,0.30
557,594,0.60
558,594,0.98
559,594,1.00
560,594,1.00
561,594,1.00
562,594,1.00
563,589,0.30
563,590,0.30
563,591,0.90
563,592,1.00
563,593,1.00
563,594,1.00
557,595,0.30
558,595,0.60
559,595,1.00
560,595,1.00
561,595,1.00
562,595,1.00
563,595,1.00
564,591,0.60
564,592,0.98
564,593,1.00
564,594,1.00
564,595,1.00
558,596,0.30
559,596,0.68
560,596,1.00
561,596,1.00
562,596,1.00
563,596,1.00
564,596,1.00
558,597,0.30
559,597,0.60
560,597,1.00
561,597,1.00
562,597,1.00
563,597,1.00
564,597,1.00
565,591,0.30
565,592,0.60
565,593,1.00
565,594,1.00
565,595,1.00
565,596,1.00
565,597,1.00
566,592,0.30
566,593,0.90
566,594,1.00
566,595,1.00
566,596,1.00
566,597,1.00
560,598,0.60
561,598,0.98
562,598,1.00
563,598,1.00
564,598,1.00
565,598,1.00
566,598,1.00
560,599,0.30
561,599,0.60
562,599,1.00
563,599,1.00
564,599,1.00
565,599,1.00
566,599,1.00
567,593,0.30
567,594,0.60
567,595,0.98
567,596,1.00
567,597,1.00
567,598,1.00
567,599,1.00
568,594,0.30
568,595,0.60
568,596,0.90
568,597,1.00
568,598,1.00
568,599,1.00
562,600,0.60
563,600,0.68
564,600,1.00
565,600,1.00
566,600,1.00
567,600,1.00
568,600,1.00
562,601,0.30
563,601,0.30
564,601,0.90
565,601,1.00
566,601,1.00
567,601,1.00
568,601,1.00
569,596,0.30
570,596,0.30
569,597,0.98
570,597,0.90
569,598,1.00
570,598,1.00
569,599,1.00
570,599,1.00
569,600,1.00
570,600,1.00
569,601,1.00
570,601,1.00
564,602,0.60
565,602,0.68
566,602,1.00
567,602,1.00
568,602,1.00
569,602,1.00
570,602,1.00
564,603,0.30
565,603,0.30
566,603,0.90
567,603,1.00
568,603,1.00
569,603,1.00
570,603,1.00
571,597,0.30
572,597,0.30
571,598,0.68
572,598,0.60
571,599,1.00
572,599,1.00
571,600,1.00
572,600,1.00
571,601,1.00
572,601,1.00
571,602,1.00
572,602,1.00
571,603,1.00
572,603,1.00
566,604,0.30
567,604,0.60
568,604,0.98
569,604,1.00
570,604,1.00
571,604,1.00
572,604,1.00
573,599,0.60
573,600,0.68
573,601,1.00
573,602,1.00
573,603,1.00
573,604,1.00
567,605,0.30
568,605,0.60
569,605,0.90
570,605,1.00
571,605,1.00
572,605,1.00
573,605,1.00
574,599,0.30
574,600,0.30
574,601,0.90
574,602,1.00
574,603,1.00
574,604,1.00
574,605,1.00
575,601,0.60
575,602,0.96
575,603,1.00
575,604,1.00
575,605,1.00
569,606,0.30
570,606,0.38
571,606,0.96
572,606,1.00
573,606,1.00
574,606,1.00
575,606,1.00
569,607,0.30
570,607,0.30
571,607,0.60
572,607,0.90
573,607,1.00
574,607,1.00
575,607,1.00
576,601,0.30
577,601,0.30
576,602,0.38
577,602,0.30
576,603,0.96
577,603,0.60
576,604,1.00
577,604,0.98
576,605,1.00
577,605,1.00
576,606,1.00
577,606,1.00
576,607,1.00
577,607,1.00
578,603,0.30
578,604,0.60
578,605,1.00
578,606,1.00
578,607,1.00
572,608,0.30
573,608,0.38
574,608,0.96
575,608,1.00
576,608,1.00
577,608,1.00
578,608,1.00
572,609,0.30
573,609,0.30
574,609,0.60
575,609,0.68
576,609,1.00
577,609,1.00
578,609,1.00
579,604,0.30
580,604,0.30
579,605,0.68
580,605,0.60
579,606,1.00
580,606,1.00
579,607,1.00
580,607,1.00
579,608,1.00
580,608,1.00
579,609,1.00
580,609,1.00
574,610,0.30
575,610,0.30
576,610,0.90
577,610,1.00
578,610,1.00
579,610,1.00
580,610,1.00
581,605,0.30
582,605,0.30
581,606,0.68
582,606,0.60
581,607,1.00
582,607,1.00
581,608,1.00
582,608,1.00
581,609,1.00
582,609,1.00
581,610,1.00
582,610,1.00
576,611,0.60
577,611,0.68
578,611,1.00
579,611,1.00
580,611,1.00
581,611,1.00
582,611,1.00
576,612,0.30
577,612,0.30
578,612,0.90
579,612,1.00
580,612,1.00
581,612,1.00
582,612,1.00
583,607,0.90
584,607,0.90
583,608,1.00
584,608,1.00
583,609,1.00
584,609,1.00
583,610,1.00
584,610,1.00
583,611,1.00
584,611,1.00
583,612,1.00
584,612,1.00
578,613,0.60
579,613,1.00
580,613,1.00
581,613,1.00
582,613,1.00
583,613,1.00
584,613,1.00
585,607,0.30
585,608,0.90
585,609,1.00
585,610,1.00
585,611,1.00
585,612,1.00
585,613,1.00
579,614,0.30
580,614,0.60
581,614,0.60
582,614,0.90
583,614,0.98
584,614,1.00
585,614,1.00
586,608,0.30
586,609,0.60
586,610,0.96
586,611,1.00
586,612,1.00
586,613,1.00
586,614,1.00
587,609,0.30
588,609,0.30
587,610,0.38
588,610,0.30
587,611,0.96
588,611,0.60
587,612,1.00
588,612,1.00
587,613,1.00
588,613,1.00
587,614,1.00
588,614,1.00
582,615,0.30
583,615,0.30
584,615,0.60
585,615,0.96
586,615,1.00
587,615,1.00
588,615,1.00
589,611,0.30
590,611,0.30
589,612,0.68
590,612,0.60
589,613,1.00
590,613,1.00
589,614,1.00
590,614,1.00
589,615,1.00
590,615,1.00
584,616,0.30
585,616,0.38
586,616,0.96
587,616,1.00
588,616,1.00
589,616,1.00
590,616,1.00
584,617,0.30
585,617,0.30
586,617,0.60
587,617,0.68
588,617,1.00
589,617,1.00
590,617,1.00
591,612,0.30
592,612,0.30
591,613,0.68
592,613,0.60
591,614,1.00
592,614,1.00
591,615,1.00
592,615,1.00
591,616,1.00
592,616,1.00
591,617,1.00
592,617,1.00
586,618,0.30
587,618,0.30
588,618,0.60
589,618,0.68
590,618,1.00
591,618,1.00
592,618,1.00
593,613,0.30
594,613,0.30
593,614,0.68
594,614,0.60
593,615,1.00
594,615,1.00
593,616,1.00
594,616,1.00
593,617,1.00
594,617,1.00
593,618,1.00
594,618,1.00
588,619,0.30
589,619,0.30
590,619,0.60
591,619,0.98
592,619,1.00
593,619,1.00
594,619,1.00
595,614,0.30
596,614,0.30
595,615,0.68
596,615,0.60
595,616,1.00
596,616,1.00
595,617,1.00
596,617,1.00
595,618,1.00
596,618,1.00
595,619,1.00
596,619,1.00
590,620,0.30
591,620,0.60
592,620,0.68
593,620,1.00
594,620,1.00
595,620,1.00
596,620,1.00
597,615,0.30
597,616,1.00
597,617,1.00
597,618,1.00
597,619,1.00
597,620,1.00
591,621,0.30
592,621,0.30
593,621,0.90
594,621,1.00
595,621,1.00
596,621,1.00
597,621,1.00
598,616,0.90
599,616,0.90
598,617,1.00
599,617,1.00
598,618,1.00
599,618,1.00
598,619,1.00
599,619,1.00
598,620,1.00
599,620,1.00
598,621,1.00
599,621,1.00
593,622,0.60
594,622,0.60
595,622,1.00
596,622,1.00
597,622,1.00
598,622,1.00
599,622,1.00
600,616,0.30
601,616,0.30
600,617,1.00
601,617,1.00
600,618,1.00
601,618,1.00
600,619,1.00
601,619,1.00
600,620,1.00
601,620,1.00
600,621,1.00
601,621,1.00
600,622,1.00
601,622,1.00
595,623,0.90
596,623,1.00
597,623,1.00
598,623,1.00
599,623,1.00
600,623,1.00
601,623,1.00
602,617,0.30
602,618,1.00
602,619,1.00
602,620,1.00
602,621,1.00
602,622,1.00
602,623,1.00
596,624,0.60
597,624,1.00
598,624,1.00
599,624,1.00
600,624,1.00
601,624,1.00
602,624,1.00
603,618,1.00
603,619,1.00
603,620,1.00
603,621,1.00
603,622,1.00
603,623,1.00
603,624,1.00
604,619,0.60
604,620,1.00
604,621,1.00
604,622,1.00
604,623,1.00
604,624,1.00
598,625,0.30
599,625,1.00
600,625,1.00
601,625,1.00
602,625,1.00
603,625,1.00
604,625,1.00
605,619,0.30
605,620,1.00
605,621,1.00
605,622,1.00
605,623,1.00
605,624,1.00
605,625,1.00
599,626,0.90
600,626,0.90
601,626,0.90
602,626,0.90
603,626,0.90
604,626,0.90
605,626,0.90

610,611,1.00
611,611,1.00
612,611,1.00
613,611,1.00
614,611,1.00
615,611,1.00
616,611,0.60
610,612,1.00
611,612,1.00
612,612,1.00
613,612,1.00
614,612,1.00
615,612,1.00
616,612,0.60
610,613,1.00
611,613,1.00
612,613,1.00
613,613,1.00
614,613,1.00
615,613,1.00
616,613,0.60
610,614,1.00
611,614,1.00
612,614,1.00
613,614,1.00
614,614,1.00
615,614,1.00
616,614,0.60
610,615,1.00
611,615,1.00
612,615,1.00
613,615,1.00
614,615,1.00
615,615,1.00
616,615,0.60
610,616,1.00
611,616,1.00
612,616,1.00
613,616,1.00
614,616,1.00
615,616,1.00
616,616,0.60
610,617,1.00
611,617,1.00
612,617,1.00
613,617,1.00
614,617,1.00
615,617,1.00
616,617,0.60
609,611,0.60
609,612,0.90
609,613,1.00
609,614,1.00
609,615,1.00
609,616,1.00
609,617,1.00
609,618,1.00
610,618,1.00
611,618,1.00
612,618,1.00
613,618,1.00
614,618,0.60
615,618,0.30
608,613,0.30
608,614,0.60
608,615,0.68
608,616,1.00
608,617,1.00
608,618,1.00
608,619,1.00
609,619,1.00
610,619,1.00
611,619,1.00
612,619,1.00
613,619,0.90
614,619,0.30
607,614,0.30
607,615,0.30
607,616,0.60
607,617,0.90
607,618,1.00
607,619,1.00
607,620,1.00
608,620,1.00
609,620,1.00
610,620,1.00
611,620,1.00
612,620,1.00
613,620,0.60
607,621,1.00
608,621,1.00
609,621,1.00
610,621,1.00
611,621,1.00
612,621,0.68
613,621,0.30
607,622,1.00
608,622,1.00
609,622,1.00
610,622,1.00
611,622,0.98
612,622,0.60
613,622,0.30
606,617,0.30
606,618,0.60
606,619,0.98
606,620,1.00
606,621,1.00
606,622,1.00
606,623,1.00
607,623,1.00
608,623,1.00
609,623,1.00
610,623,0.98
611,623,0.60
612,623,0.30
605,618,0.30
605,619,0.60
605,620,0.98
605,621,1.00
605,622,1.00
605,623,1.00
605,624,1.00
606,624,1.00
607,624,1.00
608,624,1.00
609,624,0.98
610,624,0.60
611,624,0.30
604,619,0.30
604,620,0.60
604,621,0.98
604,622,1.00
604,623,1.00
604,624,1.00
604,625,1.00
605,625,1.00
606,625,1.00
607,625,1.00
608,625,0.98
609,625,0.60
610,625,0.30
603,620,0.30
603,621,0.60
603,622,1.00
603,623,1.00
603,624,1.00
603,625,1.00
603,626,1.00
604,626,1.00
605,626,1.00
606,626,1.00
607,626,1.00
608,626,0.60
609,626,0.30
602,621,0.30
602,622,0.90
602,623,1.00
602,624,1.00
602,625,1.00
602,626,1.00
602,627,1.00
603,627,1.00
604,627,1.00
605,627,1.00
606,627,1.00
607,627,0.90
608,627,0.30
601,622,0.60
601,623,0.90
601,624,1.00
601,625,1.00
601,626,1.00
601,627,1.00
601,628,1.00
602,628,1.00
603,628,1.00
604,628,1.00
605,628,1.00
606,628,0.90
607,628,0.60
600,623,0.30
600,624,1.00
600,625,1.00
600,626,1.00
600,627,1.00
600,628,1.00
600,629,1.00
601,629,1.00
602,629,1.00
603,629,1.00
604,629,1.00
605,629,1.00
606,629,0.30
599,624,1.00
599,625,1.00
599,626,1.00
599,627,1.00
599,628,1.00
599,629,1.00
599,630,1.00
600,630,1.00
601,630,1.00
602,630,1.00
603,630,1.00
604,630,1.00
605,630,1.00
598,625,0.60
598,626,1.00
598,627,1.00
598,628,1.00
598,629,1.00
598,630,1.00
598,631,1.00
599,631,1.00
600,631,1.00
601,631,1.00
602,631,1.00
603,631,1.00
604,631,0.60
597,626,0.60
597,627,0.90
597,628,1.00
597,629,1.00
597,630,1.00
597,631,1.00
597,632,1.00
598,632,1.00
599,632,1.00
600,632,1.00
601,632,1.00
602,632,1.00
603,632,0.90
597,633,1.00
598,633,1.00
599,633,1.00
600,633,1.00
601,633,1.00
602,633,0.60
603,633,0.30
596,628,0.60
596,629,0.98
596,630,1.00
596,631,1.00
596,632,1.00
596,633,1.00
596,634,1.00
597,634,1.00
598,634,1.00
599,634,1.00
600,634,1.00
601,634,0.90
602,634,0.30
595,628,0.30
595,629,0.60
595,630,1.00
595,631,1.00
595,632,1.00
595,633,1.00
595,634,1.00
595,635,1.00
596,635,1.00
597,635,1.00
598,635,1.00
599,635,1.00
600,635,0.60
601,635,0.30
594,630,0.60
594,631,0.98
594,632,1.00
594,633,1.00
594,634,1.00
594,635,1.00
594,636,1.00
595,636,1.00
596,636,1.00
597,636,1.00
598,636,1.00
599,636,1.00
600,636,0.30
593,630,0.30
593,631,0.60
593,632,1.00
593,633,1.00
593,634,1.00
593,635,1.00
593,636,1.00
593,637,1.00
594,637,1.00
595,637,1.00
596,637,1.00
597,637,1.00
598,637,1.00
599,637,1.00
593,638,1.00
594,638,1.00
595,638,1.00
596,638,1.00
597,638,1.00
598,638,1.00
599,638,1.00
592,632,0.30
592,633,0.90
592,634,1.00
592,635,1.00
592,636,1.00
592,637,1.00
592,638,1.00
592,639,1.00
593,639,1.00
594,639,1.00
595,639,1.00
596,639,1.00
597,639,1.00
598,639,0.90
592,640,1.00
593,640,1.00
594,640,1.00
595,640,1.00
596,640,1.00
597,640,1.00
598,640,0.30
591,634,1.00
591,635,1.00
591,636,1.00
591,637,1.00
591,638,1.00
591,639,1.00
591,640,1.00
591,641,1.00
592,641,1.00
593,641,1.00
594,641,1.00
595,641,1.00
596,641,1.00
597,641,0.30
590,635,0.30
590,636,1.00
590,637,1.00
590,638,1.00
590,639,1.00
590,640,1.00
590,641,1.00
590,642,1.00
591,642,1.00
592,642,1.00
593,642,1.00
594,642,1.00
595,642,1.00
596,642,0.60
589,636,0.90
589,637,0.90
589,638,0.90
589,639,0.90
589,640,0.90
589,641,0.90
589,642,0.90

595,529,1.00
596,529,1.00
597,529,1.00
598,529,1.00
599,529,1.00
600,529,0.90
601,529,0.30
595,530,1.00
596,530,1.00
597,530,1.00
598,530,1.00
599,530,1.00
600,530,0.98
601,530,0.30
595,531,1.00
596,531,1.00
597,531,1.00
598,531,1.00
599,531,1.00
600,531,1.00
601,531,0.30
595,532,1.00
596,532,1.00
597,532,1.00
598,532,1.00
599,532,1.00
600,532,1.00
601,532,0.30
595,533,1.00
596,533,1.00
597,533,1.00
598,533,1.00
599,533,1.00
600,533,1.00
601,533,0.30
595,534,1.00
596,534,1.00
597,534,1.00
598,534,1.00
599,534,1.00
600,534,0.98
601,534,0.30
595,535,1.00
596,535,1.00
597,535,1.00
598,535,1.00
599,535,1.00
600,535,0.90
601,535,0.30
594,529,1.00
594,530,1.00
594,531,1.00
594,532,1.00
594,533,1.00
594,534,1.00
594,535,1.00
593,529,0.90
593,530,1.00
593,531,1.00
593,532,1.00
593,533,1.00
593,534,1.00
593,535,1.00
592,529,0.60
592,530,1.00
592,531,1.00
592,532,1.00
592,533,1.00
592,534,1.00
592,535,1.00
591,529,0.30
591,530,0.90
591,531,1.00
591,532,1.00
591,533,1.00
591,534,1.00
591,535,1.00
589,530,0.60
590,530,0.60
589,531,0.98
590,531,1.00
589,532,1.00
590,532,1.00
589,533,1.00
590,533,1.00
589,534,1.00
590,534,1.00
589,535,1.00
590,535,1.00
589,536,1.00
590,536,1.00
591,536,1.00
592,536,1.00
593,536,0.90
594,536,0.60
595,536,0.30
588,530,0.30
588,531,0.60
588,532,1.00
588,533,1.00
588,534,1.00
588,535,1.00
588,536,1.00
587,531,0.30
587,532,0.90
587,533,1.00
587,534,1.00
587,535,1.00
587,536,1.00
587,537,1.00
588,537,1.00
589,537,1.00
590,537,1.00
591,537,1.00
592,537,0.90
593,537,0.30
586,532,0.60
586,533,0.60
586,534,1.00
586,535,1.00
586,536,1.00
586,537,1.00
586,538,1.00
587,538,1.00
588,538,1.00
589,538,1.00
590,538,1.00
591,538,0.90
592,538,0.60
585,534,0.60
585,535,0.98
585,536,1.00
585,537,1.00
585,538,1.00
585,539,1.00
586,539,1.00
587,539,1.00
588,539,1.00
589,539,1.00
590,539,0.98
591,539,0.30
585,540,1.00
586,540,1.00
587,540,1.00
588,540,1.00
589,540,1.00
590,540,0.90
591,540,0.30
584,534,0.30
584,535,0.60
584,536,1.00
584,537,1.00
584,538,1.00
584,539,1.00
584,540,1.00
584,541,1.00
585,541,1.00
586,541,1.00
587,541,1.00
588,541,1.00
589,541,1.00
590,541,0.30
583,536,0.90
583,537,1.00
583,538,1.00
583,539,1.00
583,540,1.00
583,541,1.00
583,542,1.00
584,542,1.00
585,542,1.00
586,542,1.00
587,542,1.00
588,542,1.00
589,542,1.00
583,543,1.00
584,543,1.00
585,543,1.00
586,543,1.00
587,543,1.00
588,543,1.00
589,543,1.00
583,544,1.00
584,544,1.00
585,544,1.00
586,544,1.00
587,544,1.00
588,544,1.00
589,544,1.00
583,545,1.00
584,545,1.00
585,545,1.00
586,545,1.00
587,545,1.00
588,545,1.00
589,545,1.00
583,546,1.00
584,546,1.00
585,546,1.00
586,546,1.00
587,546,1.00
588,546,1.00
589,546,1.00
583,547,1.00
584,547,1.00
585,547,1.00
586,547,1.00
587,547,1.00
588,547,1.00
589,547,1.00
583,548,1.00
584,548,1.00
585,548,1.00
586,548,1.00
587,548,1.00
588,548,1.00
589,548,1.00
583,549,0.90
584,549,1.00
585,549,1.00
586,549,1.00
587,549,1.00
588,549,1.00
589,549,1.00
583,550,0.90
584,550,1.00
585,550,1.00
586,550,1.00
587,550,1.00
588,550,1.00
589,550,1.00
583,551,0.30
584,551,1.00
585,551,1.00
586,551,1.00
587,551,1.00
588,551,1.00
589,551,1.00
590,546,0.60
590,547,0.60
590,548,0.90
590,549,1.00
590,550,1.00
590,551,1.00
584,552,0.90
585,552,1.00
586,552,1.00
587,552,1.00
588,552,1.00
589,552,1.00
590,552,1.00
584,553,0.30
585,553,0.68
586,553,1.00
587,553,1.00
588,553,1.00
589,553,1.00
590,553,1.00
584,554,0.30
585,554,0.60
586,554,0.98
587,554,1.00
588,554,1.00
589,554,1.00
590,554,1.00
591,549,0.30
591,550,0.60
591,551,0.68
591,552,1.00
591,553,1.00
591,554,1.00
585,555,0.30
586,555,0.60
587,555,0.68
588,555,1.00
589,555,1.00
590,555,1.00
591,555,1.00
592,550,0.30
592,551,0.30
592,552,0.60
592,553,1.00
592,554,1.00
592,555,1.00
586,556,0.30
587,556,0.30
588,556,0.60
589,556,1.00
590,556,1.00
591,556,1.00
592,556,1.00
593,552,0.30
594,552,0.30
593,553,0.68
594,553,0.60
593,554,1.00
594,554,0.68
593,555,1.00
594,555,1.00
593,556,1.00
594,556,1.00
588,557,0.30
589,557,0.68
590,557,1.00
591,557,1.00
592,557,1.00
593,557,1.00
594,557,1.00
588,558,0.30
589,558,0.60
590,558,0.68
591,558,1.00
592,558,1.00
593,558,1.00
594,558,1.00
595,553,0.30
595,554,0.30
595,555,0.60
595,556,1.00
595,557,1.00
595,558,1.00
589,559,0.30
590,559,0.30
591,559,0.60
592,559,1.00
593,559,1.00
594,559,1.00
595,559,1.00
596,555,0.30
597,555,0.30
596,556,0.68
597,556,0.60
596,557,1.00
597,557,0.68
596,558,1.00
597,558,1.00
596,559,1.00
597,559,1.00
591,560,0.30
592,560,0.68
593,560,1.00
594,560,1.00
595,560,1.00
596,560,1.00
597,560,1.00
591,561,0.30
592,561,0.60
593,561,0.98
594,561,1.00
595,561,1.00
596,561,1.00
597,561,1.00
598,556,0.30
598,557,0.30
598,558,0.60
598,559,0.98
598,560,1.00
598,561,1.00
592,562,0.30
593,562,0.60
594,562,0.96
595,562,1.00
596,562,1.00
597,562,1.00
598,562,1.00
599,558,0.30
599,559,0.60
599,560,0.96
599,561,1.00
599,562,1.00
593,563,0.30
594,563,0.38
595,563,0.96
596,563,1.00
597,563,1.00
598,563,1.00
599,563,1.00
593,564,0.30
594,564,0.30
595,564,0.60
596,564,0.68
597,564,1.00
598,564,1.00
599,564,1.00
600,559,0.30
601,559,0.30
600,560,0.38
601,560,0.30
600,561,0.96
601,561,0.60
600,562,1.00
601,562,0.96
600,563,1.00
601,563,1.00
600,564,1.00
601,564,1.00
595,565,0.30
596,565,0.30
597,565,0.60
598,565,0.96
599,565,1.00
600,565,1.00
601,565,1.00
602,561,0.30
603,561,0.30
602,562,0.38
603,562,0.30
602,563,0.96
603,563,0.60
602,564,1.00
603,564,1.00
602,565,1.00
603,565,1.00
597,566,0.30
598,566,0.38
599,566,0.66
600,566,1.00
601,566,1.00
602,566,1.00
603,566,1.00
597,567,0.30
598,567,0.30
599,567,0.30
600,567,0.60
601,567,0.96
602,567,1.00
603,567,1.00
604,563,0.30
605,563,0.30
606,563,0.30
604,564,0.96
605,564,0.68
606,564,0.60
604,565,1.00
605,565,1.00
606,565,1.00
604,566,1.00
605,566,1.00
606,566,1.00
604,567,1.00
605,567,1.00
606,567,1.00
600,568,0.30
601,568,0.38
602,568,0.66
603,568,1.00
604,568,1.00
605,568,1.00
606,568,1.00
600,569,0.30
601,569,0.30
602,569,0.30
603,569,0.60
604,569,0.68
605,569,1.00
606,569,1.00
607,564,0.30
608,564,0.30
609,564,0.30
607,565,0.66
608,565,0.38
609,565,0.30
607,566,1.00
608,566,0.96
609,566,0.60
607,567,1.00
608,567,1.00
609,567,1.00
607,568,1.00
608,568,1.00
609,568,1.00
607,569,1.00
608,569,1.00
609,569,1.00
603,570,0.30
604,570,0.30
605,570,0.60
606,570,0.96
607,570,1.00
608,570,1.00
609,570,1.00
610,566,0.30
611,566,0.30
610,567,0.68
611,567,0.60
610,568,1.00
611,568,1.00
610,569,1.00
611,569,1.00
610,570,1.00
611,570,1.00
605,571,0.30
606,571,0.38
607,571,0.96
608,571,1.00
609,571,1.00
610,571,1.00
611,571,1.00
605,572,0.30
606,572,0.30
607,572,0.60
608,572,0.98
609,572,1.00
610,572,1.00
611,572,1.00
612,567,0.30
613,567,0.30
612,568,0.68
613,568,0.60
612,569,1.00
613,569,1.00
612,570,1.00
613,570,1.00
612,571,1.00
613,571,1.00
612,572,1.00
613,572,1.00
607,573,0.30
608,573,0.60
609,573,0.98
610,573,1.00
611,573,1.00
612,573,1.00
613,573,1.00
614,568,0.30
614,569,0.90
614,570,1.00
614,571,1.00
614,572,1.00
614,573,1.00
608,574,0.30
609,574,0.60
610,574,0.68
611,574,1.00
612,574,1.00
613,574,1.00
614,574,1.00
615,569,0.60
615,570,0.96
615,571,1.00
615,572,1.00
615,573,1.00
615,574,1.00
609,575,0.30
610,575,0.30
611,575,0.60
612,575,0.60
613,575,0.90
614,575,1.00
615,575,1.00
616,569,0.30
617,569,0.30
616,570,0.38
617,570,0.30
616,571,0.96
617,571,0.60
616,572,1.00
617,572,1.00
616,573,1.00
617,573,1.00
616,574,1.00
617,574,1.00
616,575,1.00
617,575,1.00
618,571,0.30
619,571,0.30
618,572,0.68
619,572,0.60
618,573,1.00
619,573,1.00
618,574,1.00
619,574,1.00
618,575,1.00
619,575,1.00
613,576,0.30
614,576,0.38
615,576,0.96
616,576,1.00
617,576,1.00
618,576,1.00
619,576,1.00
613,577,0.30
614,577,0.30
615,577,0.60
616,577,0.98
617,577,1.00
618,577,1.00
619,577,1.00
620,572,0.30
621,572,0.30
620,573,0.98
621,573,0.90
620,574,1.00
621,574,1.00
620,575,1.00
621,575,1.00
620,576,1.00
621,576,1.00
620,577,1.00
621,577,1.00
615,578,0.30
616,578,0.60
617,578,0.98
618,578,1.00
619,578,1.00
620,578,1.00
621,578,1.00
622,573,0.60
622,574,1.00
622,575,1.00
622,576,1.00
622,577,1.00
622,578,1.00
616,579,0.30
617,579,0.60
618,579,0.60
619,579,1.00
620,579,1.00
621,579,1.00
622,579,1.00
623,573,0.30
623,574,0.90
623,575,1.00
623,576,1.00
623,577,1.00
623,578,1.00
623,579,1.00
624,574,0.60
625,574,0.60
624,575,1.00
625,575,1.00
624,576,1.00
625,576,1.00
624,577,1.00
625,577,1.00
624,578,1.00
625,578,1.00
624,579,1.00
625,579,1.00
619,580,0.60
620,580,0.90
621,580,1.00
622,580,1.00
623,580,1.00
624,580,1.00
625,580,1.00
626,575,0.90
626,576,1.00
626,577,1.00
626,578,1.00
626,579,1.00
626,580,1.00
620,581,0.30
621,581,0.60
622,581,0.60
623,581,0.90
624,581,1.00
625,581,1.00
626,581,1.00
627,575,0.60
627,576,1.00
627,577,1.00
627,578,1.00
627,579,1.00
627,580,1.00
627,581,1.00
628,575,0.30
629,575,0.30
628,576,1.00
629,576,1.00
628,577,1.00
629,577,1.00
628,578,1.00
629,578,1.00
628,579,1.00
629,579,1.00
628,580,1.00
629,580,1.00
628,581,1.00
629,581,1.00
630,576,1.00
630,577,1.00
630,578,1.00
630,579,1.00
630,580,1.00
630,581,1.00
624,582,0.30
625,582,0.60
626,582,0.60
627,582,1.00
628,582,1.00
629,582,1.00
630,582,1.00
631,576,1.00
631,577,1.00
631,578,1.00
631,579,1.00
631,580,1.00
631,581,1.00
631,582,1.00
632,576,1.00
633,576,1.00
632,577,1.00
633,577,1.00
632,578,1.00
633,578,1.00
632,579,1.00
633,579,1.00
632,580,1.00
633,580,1.00
632,581,1.00
633,581,1.00
632,582,1.00
633,582,1.00
634,576,1.00
635,576,1.00
634,577,1.00
635,577,1.00
634,578,1.00
635,578,1.00
634,579,1.00
635,579,1.00
634,580,1.00
635,580,1.00
634,581,1.00
635,581,1.00
634,582,0.90
635,582,0.90
636,576,1.00
636,577,1.00
636,578,1.00
636,579,1.00
636,580,1.00
636,581,0.98
636,582,0.60
637,576,1.00
637,577,1.00
637,578,1.00
637,579,1.00
637,580,1.00
637,581,0.60
637,582,0.30
633,575,0.30
634,575,0.30
635,575,0.60
636,575,0.68
637,575,1.00
638,575,1.00
639,575,1.00
638,576,1.00
639,576,1.00
638,577,1.00
639,577,1.00
638,578,1.00
639,578,1.00
638,579,1.00
639,579,1.00
638,580,0.68
639,580,0.60
638,581,0.30
639,581,0.30
635,574,0.30
636,574,0.30
637,574,0.60
638,574,0.68
639,574,1.00
640,574,1.00
641,574,1.00
640,575,1.00
641,575,1.00
640,576,1.00
641,576,1.00
640,577,1.00
641,577,1.00
640,578,1.00
641,578,1.00
640,579,0.68
641,579,0.60
640,580,0.30
641,580,0.30
637,573,0.30
638,573,0.30
639,573,0.60
640,573,0.98
641,573,1.00
642,573,1.00
643,573,1.00
642,574,1.00
643,574,1.00
642,575,1.00
643,575,1.00
642,576,1.00
643,576,1.00
642,577,1.00
643,577,1.00
642,578,0.68
643,578,0.60
642,579,0.30
643,579,0.30
639,572,0.30
640,572,0.60
641,572,0.68
642,572,1.00
643,572,1.00
644,572,1.00
645,572,1.00
644,573,1.00
645,573,1.00
644,574,1.00
645,574,1.00
644,575,1.00
645,575,1.00
644,576,1.00
645,576,0.98
644,577,0.68
645,577,0.60
644,578,0.30
645,578,0.30
640,571,0.30
641,571,0.30
642,571,0.60
643,571,0.98
644,571,1.00
645,571,1.00
646,571,1.00
646,572,1.00
646,573,1.00
646,574,1.00
646,575,1.00
646,576,0.60
646,577,0.30
642,570,0.30
643,570,0.60
644,570,0.68
645,570,1.00
646,570,1.00
647,570,1.00
648,570,1.00
647,571,1.00
648,571,1.00
647,572,1.00
648,572,1.00
647,573,1.00
648,573,1.00
647,574,1.00
648,574,0.98
647,575,0.68
648,575,0.60
647,576,0.30
648,576,0.30
643,569,0.30
644,569,0.30
645,569,0.60
646,569,0.98
647,569,1.00
648,569,1.00
649,569,1.00
649,570,1.00
649,571,1.00
649,572,1.00
649,573,1.00
649,574,0.60
649,575,0.30
645,568,0.30
646,568,0.60
647,568,0.98
648,568,1.00
649,568,1.00
650,568,1.00
651,568,1.00
650,569,1.00
651,569,1.00
650,570,1.00
651,570,1.00
650,571,1.00
651,571,1.00
650,572,1.00
651,572,0.68
650,573,0.68
651,573,0.60
650,574,0.30
651,574,0.30
646,567,0.30
647,567,0.60
648,567,1.00
649,567,1.00
650,567,1.00
651,567,1.00
652,567,1.00
652,568,1.00
652,569,1.00
652,570,0.98
652,571,0.60
652,572,0.30
652,573,0.30
647,565,0.30
648,565,0.90
649,565,1.00
650,565,1.00
651,565,1.00
652,565,1.00
653,565,1.00
647,566,0.30
648,566,0.98
649,566,1.00
650,566,1.00
651,566,1.00
652,566,1.00
653,566,1.00
653,567,1.00
653,568,1.00
653,569,0.98
653,570,0.60
653,571,0.30
648,564,0.60
649,564,0.98
650,564,1.00
651,564,1.00
652,564,1.00
653,564,1.00
654,564,1.00
654,565,1.00
654,566,0.98
654,567,0.90
654,568,0.60
654,569,0.60
654,570,0.30
648,563,0.30
649,563,0.60
650,563,1.00
651,563,1.00
652,563,1.00
653,563,1.00
654,563,1.00
649,561,0.30
650,561,1.00
651,561,1.00
652,561,1.00
653,561,1.00
654,561,1.00
655,561,1.00
649,562,0.30
650,562,1.00
651,562,1.00
652,562,1.00
653,562,1.00
654,562,1.00
655,562,1.00
655,563,1.00
655,564,0.98
655,565,0.60
655,566,0.30
655,567,0.30
650,559,1.00
651,559,1.00
652,559,1.00
653,559,1.00
654,559,1.00
655,559,1.00
656,559,1.00
650,560,1.00
651,560,1.00
652,560,1.00
653,560,1.00
654,560,1.00
655,560,1.00
656,560,1.00
656,561,1.00
656,562,1.00
656,563,0.60
656,564,0.60
656,565,0.30
650,558,1.00
651,558,1.00
652,558,1.00
653,558,1.00
654,558,1.00
655,558,1.00
656,558,1.00
650,556,1.00
651,556,1.00
652,556,1.00
653,556,1.00
654,556,1.00
655,556,1.00
656,556,1.00
650,557,1.00
651,557,1.00
652,557,1.00
653,557,1.00
654,557,1.00
655,557,1.00
656,557,1.00
650,554,1.00
651,554,1.00
652,554,1.00
653,554,1.00
654,554,1.00
655,554,1.00
656,554,1.00
650,555,1.00
651,555,1.00
652,555,1.00
653,555,1.00
654,555,1.00
655,555,1.00
656,555,1.00
650,552,1.00
651,552,1.00
652,552,1.00
653,552,1.00
654,552,1.00
655,552,1.00
656,552,1.00
650,553,1.00
651,553,1.00
652,553,1.00
653,553,1.00
654,553,1.00
655,553,1.00
656,553,1.00
650,551,1.00
651,551,1.00
652,551,1.00
653,551,1.00
654,551,1.00
655,551,1.00
656,551,0.90
650,550,1.00
651,550,1.00
652,550,1.00
653,550,1.00
654,550,1.00
655,550,0.96
656,550,0.60
650,548,1.00
651,548,1.00
652,548,1.00
653,548,1.00
654,548,0.90
655,548,0.30
656,548,0.30
650,549,1.00
651,549,1.00
652,549,1.00
653,549,1.00
654,549,1.00
655,549,0.38
656,549,0.30
648,546,1.00
649,546,1.00
650,546,1.00
651,546,1.00
652,546,1.00
653,546,0.68
654,546,0.60
648,547,1.00
649,547,1.00
650,547,1.00
651,547,1.00
652,547,1.00
653,547,1.00
654,547,0.60
648,548,1.00
649,548,1.00
648,549,1.00
649,549,1.00
648,550,0.90
649,550,1.00
648,551,0.60
649,551,0.68
648,552,0.30
649,552,0.30
648,545,1.00
649,545,1.00
650,545,1.00
651,545,0.68
652,545,0.60
653,545,0.30
654,545,0.30
646,544,1.00
647,544,1.00
648,544,1.00
649,544,0.96
650,544,0.60
651,544,0.30
652,544,0.30
646,545,1.00
647,545,1.00
646,546,1.00
647,546,1.00
646,547,0.96
647,547,1.00
646,548,0.60
647,548,0.96
646,549,0.30
647,549,0.38
646,550,0.30
647,550,0.30
644,542,1.00
645,542,1.00
646,542,0.96
647,542,0.60
648,542,0.30
649,542,0.30
650,542,0.30
644,543,1.00
645,543,1.00
646,543,1.00
647,543,1.00
648,543,0.66
649,543,0.38
650,543,0.30
644,544,1.00
645,544,1.00
644,545,1.00
645,545,1.00
644,546,0.60
645,546,0.96
644,547,0.30
645,547,0.38
644,548,0.30
645,548,0.30
641,540,1.00
642,540,1.00
643,540,1.00
644,540,0.96
645,540,0.60
646,540,0.30
647,540,0.30
641,541,1.00
642,541,1.00
643,541,1.00
644,541,1.00
645,541,0.96
646,541,0.38
647,541,0.30
641,542,1.00
642,542,1.00
643,542,1.00
641,543,1.00
642,543,1.00
643,543,1.00
641,544,0.90
642,544,1.00
643,544,1.00
641,545,0.30
642,545,0.38
643,545,0.66
641,546,0.30
642,546,0.30
643,546,0.30
639,538,1.00
640,538,1.00
641,538,1.00
642,538,1.00
643,538,0.90
644,538,0.30
645,538,0.30
639,539,1.00
640,539,1.00
641,539,1.00
642,539,1.00
643,539,1.00
644,539,0.38
645,539,0.30
639,540,1.00
640,540,1.00
639,541,1.00
640,541,1.00
639,542,1.00
640,542,1.00
639,543,1.00
640,543,1.00
639,544,1.00
640,544,1.00
637,538,1.00
638,538,1.00
637,539,1.00
638,539,1.00
637,540,1.00
638,540,1.00
637,541,1.00
638,541,1.00
637,542,1.00
638,542,1.00
637,543,1.00
638,543,1.00
637,544,1.00
638,544,1.00
637,537,1.00
638,537,1.00
639,537,1.00
640,537,1.00
641,537,1.00
642,537,0.60
643,537,0.30
636,537,1.00
636,538,1.00
636,539,1.00
636,540,1.00
636,541,1.00
636,542,1.00
636,543,1.00
635,537,1.00
635,538,1.00
635,539,1.00
635,540,1.00
635,541,1.00
635,542,1.00
635,543,1.00
634,537,0.30
634,538,1.00
634,539,1.00
634,540,1.00
634,541,1.00
634,542,1.00
634,543,1.00
634,544,1.00
635,544,1.00
636,544,1.00
633,538,0.30
633,539,0.60
633,540,1.00
633,541,1.00
633,542,1.00
633,543,1.00
633,544,1.00
633,545,1.00
634,545,1.00
635,545,1.00
636,545,1.00
637,545,1.00
638,545,0.98
639,545,0.60
633,546,1.00
634,546,1.00
635,546,1.00
636,546,1.00
637,546,1.00
638,546,0.60
639,546,0.30
632,540,0.30
632,541,0.30
632,542,0.60
632,543,0.98
632,544,1.00
632,545,1.00
632,546,1.00
631,542,0.30
631,543,0.60
631,544,0.60
631,545,0.90
631,546,1.00
631,547,1.00
632,547,1.00
633,547,1.00
634,547,1.00
635,547,1.00
636,547,1.00
637,547,0.60
631,548,1.00
632,548,1.00
633,548,1.00
634,548,1.00
635,548,1.00
636,548,0.98
637,548,0.60
631,549,1.00
632,549,1.00
633,549,1.00
634,549,1.00
635,549,1.00
636,549,0.60
637,549,0.30
630,545,0.30
630,546,0.60
630,547,0.68
630,548,1.00
630,549,1.00
630,550,1.00
631,550,1.00
632,550,1.00
633,550,1.00
634,550,1.00
635,550,0.68
636,550,0.30
630,551,1.00
631,551,1.00
632,551,1.00
633,551,1.00
634,551,0.98
635,551,0.60
636,551,0.30
629,546,0.30
629,547,0.30
629,548,0.60
629,549,0.68
629,550,1.00
629,551,1.00
629,552,1.00
630,552,1.00
631,552,1.00
632,552,1.00
633,552,1.00
634,552,0.60
635,552,0.30
628,548,0.30
628,549,0.30
628,550,0.60
628,551,0.68
628,552,1.00
628,553,1.00
629,553,1.00
630,553,1.00
631,553,1.00
632,553,1.00
633,553,0.68
634,553,0.30
628,554,1.00
629,554,1.00
630,554,1.00
631,554,1.00
632,554,0.96
633,554,0.60
634,554,0.30
627,550,0.30
627,551,0.30
627,552,0.60
627,553,1.00
627,554,1.00
627,555,1.00
628,555,1.00
629,555,1.00
630,555,1.00
631,555,1.00
632,555,0.38
633,555,0.30
627,556,1.00
628,556,1.00
629,556,1.00
630,556,1.00
631,556,1.00
632,556,0.30
633,556,0.30
625,552,0.30
626,552,0.30
625,553,0.60
626,553,0.68
625,554,1.00
626,554,1.00
625,555,1.00
626,555,1.00
625,556,1.00
626,556,1.00
625,557,1.00
626,557,1.00
627,557,1.00
628,557,1.00
629,557,1.00
630,557,1.00
631,557,1.00
625,558,1.00
626,558,1.00
627,558,1.00
628,558,1.00
629,558,1.00
630,558,1.00
631,558,1.00
625,559,1.00
626,559,1.00
627,559,1.00
628,559,1.00
629,559,1.00
630,559,1.00
631,559,0.90
625,560,1.00
626,560,1.00
627,560,1.00
628,560,1.00
629,560,1.00
630,560,1.00
631,560,0.60
624,554,1.00
624,555,1.00
624,556,1.00
624,557,1.00
624,558,1.00
624,559,1.00
624,560,1.00
623,555,1.00
623,556,1.00
623,557,1.00
623,558,1.00
623,559,1.00
623,560,1.00
623,561,1.00
624,561,1.00
625,561,1.00
626,561,1.00
627,561,1.00
628,561,1.00
629,561,1.00

672,537,1.00
673,537,1.00
674,537,1.00
675,537,1.00
676,537,0.90
677,537,0.60
678,537,0.60
672,538,1.00
673,538,1.00
674,538,1.00
675,538,1.00
676,538,1.00
677,538,0.76
678,538,0.60
672,539,1.00
673,539,1.00
674,539,1.00
675,539,1.00
676,539,1.00
677,539,1.00
678,539,0.60
672,540,1.00
673,540,1.00
674,540,1.00
675,540,1.00
676,540,1.00
677,540,1.00
678,540,0.60
672,541,1.00
673,541,1.00
674,541,1.00
675,541,1.00
676,541,1.00
677,541,1.00
678,541,0.60
672,542,0.90
673,542,1.00
674,542,1.00
675,542,1.00
676,542,1.00
677,542,0.76
678,542,0.60
672,543,0.60
673,543,0.60
674,543,0.60
675,543,0.60
676,543,0.60
677,543,0.60
678,543,0.60
670,536,1.00
671,536,1.00
672,536,1.00
673,536,1.00
674,536,0.68
675,536,0.60
676,536,0.30
670,537,1.00
671,537,1.00
670,538,1.00
671,538,1.00
670,539,1.00
671,539,1.00
670,540,0.98
671,540,1.00
670,541,0.60
671,541,0.68
670,542,0.30
671,542,0.30
669,535,1.00
670,535,1.00
671,535,1.00
672,535,0.68
673,535,0.60
674,535,0.30
675,535,0.30
669,536,1.00
669,537,1.00
669,538,1.00
669,539,1.00
669,540,0.60
669,541,0.30
667,534,1.00
668,534,1.00
669,534,0.96
670,534,0.68
671,534,0.60
672,534,0.30
673,534,0.30
667,535,1.00
668,535,1.00
667,536,1.00
668,536,1.00
667,537,1.00
668,537,1.00
667,538,1.00
668,538,1.00
667,539,0.60
668,539,0.68
667,540,0.30
668,540,0.30
665,533,1.00
666,533,1.00
667,533,0.68
668,533,0.60
669,533,0.30
670,533,0.30
671,533,0.30
665,534,1.00
666,534,1.00
665,535,1.00
666,535,1.00
665,536,1.00
666,536,1.00
665,537,1.00
666,537,1.00
665,538,0.60
666,538,0.68
665,539,0.30
666,539,0.30
662,532,1.00
663,532,1.00
664,532,1.00
665,532,0.68
666,532,0.60
667,532,0.30
668,532,0.30
662,533,1.00
663,533,1.00
664,533,1.00
662,534,1.00
663,534,1.00
664,534,1.00
662,535,1.00
663,535,1.00
664,535,1.00
662,536,0.96
663,536,1.00
664,536,1.00
662,537,0.60
663,537,0.68
664,537,0.96
662,538,0.30
663,538,0.30
664,538,0.30
660,531,1.00
661,531,1.00
662,531,1.00
663,531,0.96
664,531,0.60
665,531,0.30
666,531,0.30
660,532,1.00
661,532,1.00
660,533,1.00
661,533,1.00
660,534,0.96
661,534,1.00
660,535,0.60
661,535,0.96
660,536,0.30
661,536,0.38
660,537,0.30
661,537,0.30
658,529,1.00
659,529,1.00
660,529,0.60
661,529,0.30
662,529,0.30
663,529,0.30
664,529,0.30
658,530,1.00
659,530,1.00
660,530,0.96
661,530,0.77
662,530,0.66
663,530,0.38
664,530,0.30
658,531,0.96
659,531,1.00
658,532,0.60
659,532,1.00
658,533,0.30
659,533,0.66
658,534,0.30
659,534,0.38
658,535,0.30
659,535,0.30
654,526,1.00
655,526,1.00
656,526,1.00
657,526,0.96
658,526,0.60
659,526,0.30
660,526,0.30
654,527,1.00
655,527,1.00
656,527,1.00
657,527,1.00
658,527,0.96
659,527,0.38
660,527,0.30
654,528,1.00
655,528,1.00
656,528,1.00
657,528,1.00
658,528,1.00
659,528,0.66
660,528,0.30
654,529,0.96
655,529,1.00
656,529,1.00
657,529,1.00
654,530,0.60
655,530,0.96
656,530,1.00
657,530,1.00
654,531,0.30
655,531,0.38
656,531,0.66
657,531,0.77
654,532,0.30
655,532,0.30
656,532,0.30
657,532,0.30
652,524,1.00
653,524,1.00
654,524,1.00
655,524,0.60
656,524,0.30
657,524,0.30
658,524,0.30
652,525,1.00
653,525,1.00
654,525,1.00
655,525,1.00
656,525,0.66
657,525,0.38
658,525,0.30
652,526,1.00
653,526,1.00
652,527,0.60
653,527,1.00
652,528,0.30
653,528,0.66
652,529,0.30
653,529,0.38
652,530,0.30
653,530,0.30
649,521,1.00
650,521,1.00
651,521,1.00
652,521,0.60
653,521,0.30
654,521,0.30
655,521,0.30
649,522,1.00
650,522,1.00
651,522,1.00
652,522,1.00
653,522,0.66
654,522,0.38
655,522,0.30
649,523,1.00
650,523,1.00
651,523,1.00
652,523,1.00
653,523,1.00
654,523,0.66
655,523,0.30
649,524,0.60
650,524,1.00
651,524,1.00
649,525,0.30
650,525,0.66
651,525,1.00
649,526,0.30
650,526,0.38
651,526,0.66
649,527,0.30
650,527,0.30
651,527,0.30
646,518,1.00
647,518,1.00
648,518,1.00
649,518,0.96
650,518,0.60
651,518,0.30
652,518,0.30
646,519,1.00
647,519,1.00
648,519,1.00
649,519,1.00
650,519,0.96
651,519,0.38
652,519,0.30
646,520,1.00
647,520,1.00
648,520,1.00
649,520,1.00
650,520,1.00
651,520,0.66
652,520,0.30
646,521,0.96
647,521,1.00
648,521,1.00
646,522,0.60
647,522,0.96
648,522,1.00
646,523,0.30
647,523,0.38
648,523,0.66
646,524,0.30
647,524,0.30
648,524,0.30
644,516,1.00
645,516,1.00
646,516,1.00
647,516,0.96
648,516,0.60
649,516,0.30
650,516,0.30
644,517,1.00
645,517,1.00
646,517,1.00
647,517,1.00
648,517,0.96
649,517,0.38
650,517,0.30
644,518,1.00
645,518,1.00
644,519,0.96
645,519,1.00
644,520,0.60
645,520,0.96
644,521,0.30
645,521,0.38
644,522,0.30
645,522,0.30
642,514,1.00
643,514,1.00
644,514,1.00
645,514,1.00
646,514,0.60
647,514,0.30
648,514,0.30
642,515,1.00
643,515,1.00
644,515,1.00
645,515,1.00
646,515,0.96
647,515,0.38
648,515,0.30
642,516,0.96
643,516,1.00
642,517,0.60
643,517,1.00
642,518,0.30
643,518,0.66
642,519,0.30
643,519,0.38
642,520,0.30
643,520,0.30
640,511,1.00
641,511,1.00
642,511,1.00
643,511,1.00
644,511,1.00
645,511,0.60
646,511,0.30
640,512,0.96
641,512,1.00
642,512,1.00
643,512,1.00
644,512,1.00
645,512,0.68
646,512,0.30
640,513,0.68
641,513,1.00
642,513,1.00
643,513,1.00
644,513,1.00
645,513,0.96
646,513,0.30
640,514,0.60
641,514,1.00
640,515,0.30
641,515,0.66
640,516,0.30
641,516,0.38
640,517,0.30
641,517,0.30
639,508,1.00
640,508,1.00
641,508,1.00
642,508,1.00
643,508,0.60
644,508,0.30
645,508,0.30
639,509,1.00
640,509,1.00
641,509,1.00
642,509,1.00
643,509,0.96
644,509,0.38
645,509,0.30
639,510,0.96
640,510,1.00
641,510,1.00
642,510,1.00
643,510,1.00
644,510,0.66
645,510,0.30
639,511,0.60
639,512,0.30
639,513,0.30
639,514,0.30
637,505,1.00
638,505,1.00
639,505,1.00
640,505,1.00
641,505,1.00
642,505,0.60
643,505,0.30
637,506,1.00
638,506,1.00
639,506,1.00
640,506,1.00
641,506,1.00
642,506,0.68
643,506,0.30
637,507,1.00
638,507,1.00
639,507,1.00
640,507,1.00
641,507,1.00
642,507,0.96
643,507,0.30
637,508,0.68
638,508,1.00
637,509,0.60
638,509,0.96
637,510,0.30
638,510,0.38
637,511,0.30
638,511,0.30
636,503,1.00
637,503,1.00
638,503,1.00
639,503,1.00
640,503,1.00
641,503,0.90
642,503,0.30
636,504,1.00
637,504,1.00
638,504,1.00
639,504,1.00
640,504,1.00
641,504,0.98
642,504,0.30
636,505,1.00
636,506,0.68
636,507,0.60
636,508,0.30
636,509,0.30
635,501,1.00
636,501,1.00
637,501,1.00
638,501,1.00
639,501,1.00
640,501,1.00
641,501,0.60
635,502,0.98
636,502,1.00
637,502,1.00
638,502,1.00
639,502,1.00
640,502,1.00
641,502,0.60
635,503,0.90
635,504,0.60
635,505,0.60
635,506,0.30
635,507,0.30
635,499,1.00
636,499,1.00
637,499,1.00
638,499,1.00
639,499,1.00
640,499,0.60
641,499,0.30
635,500,1.00
636,500,1.00
637,500,1.00
638,500,1.00
639,500,1.00
640,500,0.68
641,500,0.30
634,497,1.00
635,497,1.00
636,497,1.00
637,497,1.00
638,497,1.00
639,497,0.90
640,497,0.30
634,498,1.00
635,498,1.00
636,498,1.00
637,498,1.00
638,498,1.00
639,498,0.98
640,498,0.30
634,499,0.68
634,500,0.60
634,501,0.30
634,502,0.30
634,503,0.30
633,494,1.00
634,494,1.00
635,494,1.00
636,494,1.00
637,494,1.00
638,494,1.00
639,494,0.60
633,495,0.98
634,495,1.00
635,495,1.00
636,495,1.00
637,495,1.00
638,495,1.00
639,495,0.60
633,496,0.90
634,496,1.00
635,496,1.00
636,496,1.00
637,496,1.00
638,496,1.00
639,496,0.60
633,497,0.60
633,498,0.60
633,499,0.30
633,500,0.30
633,492,1.00
634,492,1.00
635,492,1.00
636,492,1.00
637,492,1.00
638,492,0.60
639,492,0.30
633,493,1.00
634,493,1.00
635,493,1.00
636,493,1.00
637,493,1.00
638,493,0.68
639,493,0.30
632,490,1.00
633,490,1.00
634,490,1.00
635,490,1.00
636,490,1.00
637,490,1.00
638,490,1.00
632,491,1.00
633,491,1.00
634,491,1.00
635,491,1.00
636,491,1.00
637,491,1.00
638,491,0.60
632,492,0.98
632,493,0.60
632,494,0.30
632,495,0.30
632,496,0.30
631,487,1.00
632,487,1.00
633,487,1.00
634,487,1.00
635,487,1.00
636,487,1.00
637,487,1.00
631,488,1.00
632,488,1.00
633,488,1.00
634,488,1.00
635,488,1.00
636,488,1.00
637,488,1.00
631,489,1.00
632,489,1.00
633,489,1.00
634,489,1.00
635,489,1.00
636,489,1.00
637,489,1.00
631,490,1.00
631,491,0.90
631,492,0.60
631,493,0.30
631,486,1.00
632,486,1.00
633,486,1.00
634,486,1.00
635,486,1.00
636,486,1.00
637,486,1.00
631,485,1.00
632,485,1.00
633,485,1.00
634,485,1.00
635,485,1.00
636,485,1.00
637,485,1.00
631,484,1.00
632,484,1.00
633,484,1.00
634,484,1.00
635,484,1.00
636,484,1.00
637,484,1.00
631,483,0.90
632,483,1.00
633,483,1.00
634,483,1.00
635,483,1.00
636,483,1.00
637,483,1.00
638,483,0.90
638,484,1.00
638,485,1.00
638,486,1.00
638,487,1.00
638,488,1.00
638,489,1.00
639,483,0.60
639,484,1.00
639,485,1.00
639,486,1.00
639,487,1.00
639,488,1.00
639,489,1.00
640,484,0.60
641,484,0.60
640,485,1.00
641,485,1.00
640,486,1.00
641,486,1.00
640,487,1.00
641,487,1.00
640,488,1.00
641,488,1.00
640,489,1.00
641,489,1.00
639,490,0.98
640,490,1.00
641,490,1.00
642,484,0.30
642,485,0.90
642,486,1.00
642,487,1.00
642,488,1.00
642,489,1.00
642,490,1.00
643,485,0.60
644,485,0.60
643,486,1.00
644,486,1.00
643,487,1.00
644,487,1.00
643,488,1.00
644,488,1.00
643,489,1.00
644,489,1.00
643,490,1.00
644,490,1.00
639,491,0.30
640,491,0.60
641,491,0.60
642,491,0.60
643,491,0.90
644,491,0.98
645,485,0.30
646,485,0.30
645,486,0.68
646,486,0.60
645,487,1.00
646,487,1.00
645,488,1.00
646,488,1.00
645,489,1.00
646,489,1.00
645,490,1.00
646,490,1.00
645,491,0.96
646,491,1.00
647,486,0.30
648,486,0.30
649,486,0.30
647,487,0.66
648,487,0.38
649,487,0.30
647,488,1.00
648,488,0.96
649,488,0.60
647,489,1.00
648,489,1.00
649,489,1.00
647,490,1.00
648,490,1.00
649,490,1.00
647,491,1.00
648,491,1.00
649,491,1.00
643,492,0.30
644,492,0.30
645,492,0.30
646,492,0.60
647,492,0.96
648,492,1.00
649,492,1.00
650,488,0.30
651,488,0.30
652,488,0.30
650,489,0.66
651,489,0.38
652,489,0.30
650,490,1.00
651,490,0.96
652,490,0.60
650,491,1.00
651,491,1.00
652,491,1.00
650,492,1.00
651,492,1.00
652,492,1.00
646,493,0.30
647,493,0.38
648,493,0.96
649,493,1.00
650,493,1.00
651,493,1.00
652,493,1.00
646,494,0.30
647,494,0.30
648,494,0.60
649,494,0.96
650,494,1.00
651,494,1.00
652,494,1.00
653,490,0.30
654,490,0.30
653,491,0.68
654,491,0.60
653,492,1.00
654,492,1.00
653,493,1.00
654,493,1.00
653,494,1.00
654,494,1.00
648,495,0.30
649,495,0.38
650,495,0.66
651,495,0.77
652,495,0.96
653,495,1.00
654,495,1.00
648,496,0.30
649,496,0.30
650,496,0.30
651,496,0.30
652,496,0.60
653,496,0.68
654,496,1.00
655,491,0.30
656,491,0.30
657,491,0.30
658,491,0.30
655,492,1.00
656,492,0.96
657,492,0.68
658,492,0.60
655,493,1.00
656,493,1.00
657,493,1.00
658,493,1.00
655,494,1.00
656,494,1.00
657,494,1.00
658,494,1.00
655,495,1.00
656,495,1.00
657,495,1.00
658,495,1.00
655,496,1.00
656,496,1.00
657,496,1.00
658,496,1.00
652,497,0.30
653,497,0.30
654,497,0.60
655,497,0.68
656,497,0.96
657,497,1.00
658,497,1.00
659,492,0.30
660,492,0.30
659,493,0.68
660,493,0.60
659,494,1.00
660,494,1.00
659,495,1.00
660,495,1.00
659,496,1.00
660,496,1.00
659,497,1.00
660,497,1.00
654,498,0.30
655,498,0.30
656,498,0.30
657,498,0.60
658,498,0.68
659,498,1.00
660,498,1.00
661,493,0.30
662,493,0.30
663,493,0.30
661,494,0.96
662,494,0.68
663,494,0.60
661,495,1.00
662,495,1.00
663,495,1.00
661,496,1.00
662,496,1.00
663,496,1.00
661,497,1.00
662,497,1.00
663,497,1.00
661,498,1.00
662,498,1.00
663,498,1.00
657,499,0.30
658,499,0.30
659,499,0.60
660,499,0.68
661,499,0.96
662,499,1.00
663,499,1.00
664,494,0.30
665,494,0.30
664,495,0.68
665,495,0.60
664,496,1.00
665,496,1.00
664,497,1.00
665,497,1.00
664,498,1.00
665,498,1.00
664,499,1.00
665,499,1.00
659,500,0.30
660,500,0.30
661,500,0.30
662,500,0.60
663,500,0.68
664,500,1.00
665,500,1.00
666,495,0.30
667,495,0.30
668,495,0.30
666,496,0.66
667,496,0.38
668,496,0.30
666,497,1.00
667,497,0.96
668,497,0.60
666,498,1.00
667,498,1.00
668,498,0.96
666,499,1.00
667,499,1.00
668,499,1.00
666,500,1.00
667,500,1.00
668,500,1.00
662,501,0.30
663,501,0.30
664,501,0.60
665,501,1.00
666,501,1.00
667,501,1.00
668,501,1.00
669,497,0.30
670,497,0.30
669,498,0.38
670,498,0.30
669,499,1.00
670,499,0.90
669,500,1.00
670,500,1.00
669,501,1.00
670,501,1.00
664,502,0.30
665,502,0.68
666,502,1.00
667,502,1.00
668,502,1.00
669,502,1.00
670,502,1.00
664,503,0.30
665,503,0.60
666,503,0.96
667,503,1.00
668,503,1.00
669,503,1.00
670,503,1.00
671,499,0.60
671,500,1.00
671,501,1.00
671,502,1.00
671,503,1.00
665,504,0.30
666,504,0.38
667,504,0.96
668,504,1.00
669,504,1.00
670,504,1.00
671,504,1.00
665,505,0.30
666,505,0.30
667,505,0.60
668,505,0.90
669,505,0.98
670,505,1.00
671,505,1.00
672,499,0.30
673,499,0.30
672,500,0.68
673,500,0.60
672,501,1.00
673,501,1.00
672,502,1.00
673,502,1.00
672,503,1.00
673,503,1.00
672,504,1.00
673,504,1.00
672,505,1.00
673,505,1.00
674,500,0.30
674,501,0.90
674,502,1.00
674,503,1.00
674,504,1.00
674,505,1.00
668,506,0.30
669,506,0.30
670,506,0.60
671,506,0.98
672,506,1.00
673,506,1.00
674,506,1.00
675,501,0.60
676,501,0.60
675,502,1.00
676,502,0.98
675,503,1.00
676,503,1.00
675,504,1.00
676,504,1.00
675,505,1.00
676,505,1.00
675,506,1.00
676,506,1.00
670,507,0.30
671,507,0.60
672,507,0.60
673,507,0.90
674,507,0.98
675,507,1.00
676,507,1.00
677,501,0.30
677,502,0.60
677,503,1.00
677,504,1.00
677,505,1.00
677,506,1.00
677,507,1.00
678,502,0.30
679,502,0.30
678,503,0.68
679,503,0.60
678,504,1.00
679,504,1.00
678,505,1.00
679,505,1.00
678,506,1.00
679,506,1.00
678,507,1.00
679,507,1.00
673,508,0.30
674,508,0.30
675,508,0.30
676,508,0.60
677,508,0.68
678,508,1.00
679,508,1.00
680,503,0.30
681,503,0.30
682,503,0.30
680,504,0.66
681,504,0.38
682,504,0.30
680,505,1.00
681,505,1.00
682,505,0.90
680,506,1.00
681,506,1.00
682,506,1.00
680,507,1.00
681,507,1.00
682,507,1.00
680,508,1.00
681,508,1.00
682,508,1.00
676,509,0.30
677,509,0.30
678,509,0.60
679,509,0.96
680,509,1.00
681,509,1.00
682,509,1.00
683,505,0.60
684,505,0.60
683,506,1.00
684,506,1.00
683,507,1.00
684,507,1.00
683,508,1.00
684,508,1.00
683,509,1.00
684,509,1.00
678,510,0.30
679,510,0.38
680,510,0.96
681,510,1.00
682,510,1.00
683,510,1.00
684,510,1.00
678,511,0.30
679,511,0.30
680,511,0.60
681,511,0.60
682,511,0.90
683,511,0.98
684,511,1.00
685,505,0.30
686,505,0.30
685,506,0.68
686,506,0.60
685,507,1.00
686,507,1.00
685,508,1.00
686,508,1.00
685,509,1.00
686,509,1.00
685,510,1.00
686,510,1.00
685,511,1.00
686,511,1.00
687,506,0.30
688,506,0.30
687,507,0.98
688,507,1.00
687,508,1.00
688,508,1.00
687,509,1.00
688,509,1.00
687,510,1.00
688,510,1.00
687,511,1.00
688,511,1.00
682,512,0.30
683,512,0.30
684,512,0.60
685,512,0.68
686,512,1.00
687,512,1.00
688,512,1.00
689,507,0.90
690,507,0.90
689,508,1.00
690,508,1.00
689,509,1.00
690,509,1.00
689,510,1.00
690,510,1.00
689,511,1.00
690,511,1.00
689,512,1.00
690,512,1.00
684,513,0.30
685,513,0.30
686,513,0.60
687,513,0.60
688,513,1.00
689,513,1.00
690,513,1.00
691,507,0.60
692,507,0.60
691,508,1.00
692,508,1.00
691,509,1.00
692,509,1.00
691,510,1.00
692,510,1.00
691,511,1.00
692,511,1.00
691,512,1.00
692,512,1.00
691,513,1.00
692,513,1.00
693,507,0.30
694,507,0.30
693,508,1.00
694,508,1.00
693,509,1.00
694,509,1.00
693,510,1.00
694,510,1.00
693,511,1.00
694,511,1.00
693,512,1.00
694,512,1.00
693,513,1.00
694,513,1.00
688,514,0.30
689,514,1.00
690,514,1.00
691,514,1.00
692,514,1.00
693,514,1.00
694,514,1.00
695,508,0.60
695,509,1.00
695,510,1.00
695,511,1.00
695,512,1.00
695,513,1.00
695,514,1.00
689,515,0.60
690,515,1.00
691,515,1.00
692,515,1.00
693,515,1.00
694,515,1.00
695,515,1.00
696,509,1.00
696,510,1.00
696,511,1.00
696,512,1.00
696,513,1.00
696,514,1.00
696,515,1.00
697,509,1.00
697,510,1.00
697,511,1.00
697,512,1.00
697,513,1.00
697,514,1.00
697,515,1.00

666,501,0.60
667,501,0.60
668,501,0.60
669,501,0.60
670,501,0.60
671,501,0.60
672,501,0.60
666,502,0.90
667,502,1.00
668,502,1.00
669,502,1.00
670,502,1.00
671,502,1.00
672,502,0.60
666,503,0.98
667,503,1.00
668,503,1.00
669,503,1.00
670,503,1.00
671,503,1.00
672,503,0.60
666,504,1.00
667,504,1.00
668,504,1.00
669,504,1.00
670,504,1.00
671,504,1.00
672,504,0.60
666,505,1.00
667,505,1.00
668,505,1.00
669,505,1.00
670,505,1.00
671,505,1.00
672,505,0.60
666,506,1.00
667,506,1.00
668,506,1.00
669,506,1.00
670,506,1.00
671,506,1.00
672,506,0.60
666,507,1.00
667,507,1.00
668,507,1.00
669,507,1.00
670,507,1.00
671,507,0.90
672,507,0.60
665,502,0.30
665,503,0.30
665,504,0.60
665,505,0.98
665,506,1.00
665,507,1.00
665,508,1.00
666,508,1.00
667,508,1.00
668,508,1.00
669,508,1.00
670,508,0.60
671,508,0.30
664,504,0.30
664,505,0.60
664,506,0.98
664,507,1.00
664,508,1.00
664,509,1.00
665,509,1.00
666,509,1.00
667,509,1.00
668,509,1.00
669,509,0.68
670,509,0.30
664,510,1.00
665,510,1.00
666,510,1.00
667,510,1.00
668,510,1.00
669,510,0.60
670,510,0.30
663,505,0.30
663,506,0.60
663,507,0.98
663,508,1.00
663,509,1.00
663,510,1.00
663,511,1.00
664,511,1.00
665,511,1.00
666,511,1.00
667,511,1.00
668,511,0.90
669,511,0.30
662,506,0.30
662,507,0.60
662,508,0.90
662,509,1.00
662,510,1.00
662,511,1.00
662,512,1.00
663,512,1.00
664,512,1.00
665,512,1.00
666,512,1.00
667,512,0.98
668,512,0.60
662,513,1.00
663,513,1.00
664,513,1.00
665,513,1.00
666,513,1.00
667,513,0.60
668,513,0.30
661,508,0.30
661,509,0.90
661,510,1.00
661,511,1.00
661,512,1.00
661,513,1.00
661,514,1.00
662,514,1.00
663,514,1.00
664,514,1.00
665,514,1.00
666,514,0.90
667,514,0.30
660,509,0.60
660,510,0.90
660,511,1.00
660,512,1.00
660,513,1.00
660,514,1.00
660,515,1.00
661,515,1.00
662,515,1.00
663,515,1.00
664,515,1.00
665,515,0.90
666,515,0.60
659,510,0.30
659,511,0.60
659,512,1.00
659,513,1.00
659,514,1.00
659,515,1.00
659,516,1.00
660,516,1.00
661,516,1.00
662,516,1.00
663,516,1.00
664,516,0.90
665,516,0.30
658,511,0.30
658,512,0.90
658,513,1.00
658,514,1.00
658,515,1.00
658,516,1.00
658,517,1.00
659,517,1.00
660,517,1.00
661,517,1.00
662,517,1.00
663,517,0.98
664,517,0.60
658,518,1.00
659,518,1.00
660,518,1.00
661,518,1.00
662,518,1.00
663,518,0.60
664,518,0.30
657,512,0.30
657,513,0.60
657,514,1.00
657,515,1.00
657,516,1.00
657,517,1.00
657,518,1.00
656,513,0.30
656,514,1.00
656,515,1.00
656,516,1.00
656,517,1.00
656,518,1.00
656,519,1.00
657,519,1.00
658,519,1.00
659,519,1.00
660,519,1.00
661,519,0.98
662,519,0.60
656,520,1.00
657,520,1.00
658,520,1.00
659,520,1.00
660,520,1.00
661,520,0.60
662,520,0.30
655,514,0.60
655,515,0.98
655,516,1.00
655,517,1.00
655,518,1.00
655,519,1.00
655,520,1.00
654,514,0.30
654,515,0.60
654,516,1.00
654,517,1.00
654,518,1.00
654,519,1.00
654,520,1.00
654,521,1.00
655,521,1.00
656,521,1.00
657,521,1.00
658,521,1.00
659,521,1.00
660,521,1.00
654,522,1.00
655,522,1.00
656,522,1.00
657,522,1.00
658,522,1.00
659,522,1.00
660,522,1.00
653,517,0.90
653,518,0.90
653,519,0.90
653,520,0.90
653,521,0.90
653,522,0.90
653,523,0.90
654,523,0.90
655,523,0.90
656,523,0.90
657,523,0.90
658,523,0.90
659,523,0.90

