173,434,1.00
174,434,1.00
175,434,1.00
176,434,1.00
177,434,1.00
178,434,1.00
179,434,1.00
180,434,1.00
181,434,1.00
182,434,1.00
183,434,1.00
184,434,1.00
185,434,1.00
186,434,1.00
187,434,1.00
188,434,1.00
189,434,1.00
173,435,1.00
174,435,1.00
175,435,1.00
176,435,1.00
177,435,1.00
178,435,1.00
179,435,1.00
180,435,1.00
181,435,1.00
182,435,1.00
183,435,1.00
184,435,1.00
185,435,1.00
186,435,1.00
187,435,1.00
188,435,1.00
189,435,1.00
173,436,1.00
174,436,1.00
175,436,1.00
176,436,1.00
177,436,1.00
178,436,1.00
179,436,1.00
180,436,1.00
181,436,1.00
182,436,1.00
183,436,1.00
184,436,1.00
185,436,1.00
186,436,1.00
187,436,1.00
188,436,1.00
189,436,1.00
173,437,1.00
174,437,1.00
175,437,1.00
176,437,1.00
177,437,1.00
178,437,1.00
179,437,1.00
180,437,1.00
181,437,1.00
182,437,1.00
183,437,1.00
184,437,1.00
185,437,1.00
186,437,1.00
187,437,1.00
188,437,1.00
189,437,1.00
173,438,1.00
174,438,1.00
175,438,1.00
176,438,1.00
177,438,1.00
178,438,1.00
179,438,1.00
180,438,1.00
181,438,1.00
182,438,1.00
183,438,1.00
184,438,1.00
185,438,1.00
186,438,1.00
187,438,1.00
188,438,1.00
189,438,1.00
173,439,1.00
174,439,1.00
175,439,1.00
176,439,1.00
177,439,1.00
178,439,1.00
179,439,1.00
180,439,1.00
181,439,1.00
182,439,1.00
183,439,1.00
184,439,1.00
185,439,1.00
186,439,1.00
187,439,1.00
188,439,1.00
189,439,1.00
173,440,1.00
174,440,1.00
175,440,1.00
176,440,1.00
177,440,1.00
178,440,1.00
179,440,1.00
180,440,1.00
181,440,1.00
182,440,1.00
183,440,1.00
184,440,1.00
185,440,1.00
186,440,1.00
187,440,1.00
188,440,1.00
189,440,1.00
173,441,1.00
174,441,1.00
175,441,1.00
176,441,1.00
177,441,1.00
178,441,1.00
179,441,1.00
180,441,1.00
181,441,1.00
182,441,1.00
183,441,1.00
184,441,1.00
185,441,1.00
186,441,1.00
187,441,1.00
188,441,1.00
189,441,1.00
173,442,1.00
174,442,1.00
175,442,1.00
176,442,1.00
177,442,1.00
178,442,1.00
179,442,1.00
180,442,1.00
181,442,1.00
182,442,1.00
183,442,1.00
184,442,1.00
185,442,1.00
186,442,1.00
187,442,1.00
188,442,1.00
189,442,1.00
173,443,1.00
174,443,1.00
175,443,1.00
176,443,1.00
177,443,1.00
178,443,1.00
179,443,1.00
180,443,1.00
181,443,1.00
182,443,1.00
183,443,1.00
184,443,1.00
185,443,1.00
186,443,1.00
187,443,1.00
188,443,1.00
189,443,1.00
173,444,1.00
174,444,1.00
175,444,1.00
176,444,1.00
177,444,1.00
178,444,1.00
179,444,1.00
180,444,1.00
181,444,1.00
182,444,1.00
183,444,1.00
184,444,1.00
185,444,1.00
186,444,1.00
187,444,1.00
188,444,1.00
189,444,1.00
173,445,1.00
174,445,1.00
175,445,1.00
176,445,1.00
177,445,1.00
178,445,1.00
179,445,1.00
180,445,1.00
181,445,1.00
182,445,1.00
183,445,1.00
184,445,1.00
185,445,1.00
186,445,1.00
187,445,1.00
188,445,1.00
189,445,1.00
173,446,1.00
174,446,1.00
175,446,1.00
176,446,1.00
177,446,1.00
178,446,1.00
179,446,1.00
180,446,1.00
181,446,1.00
182,446,1.00
183,446,1.00
184,446,1.00
185,446,1.00
186,446,1.00
187,446,1.00
188,446,1.00
189,446,1.00
173,447,1.00
174,447,1.00
175,447,1.00
176,447,1.00
177,447,1.00
178,447,1.00
179,447,1.00
180,447,1.00
181,447,1.00
182,447,1.00
183,447,1.00
184,447,1.00
185,447,1.00
186,447,1.00
187,447,1.00
188,447,1.00
189,447,1.00
173,448,1.00
174,448,1.00
175,448,1.00
176,448,1.00
177,448,1.00
178,448,1.00
179,448,1.00
180,448,1.00
181,448,1.00
182,448,1.00
183,448,1.00
184,448,1.00
185,448,1.00
186,448,1.00
187,448,1.00
188,448,1.00
189,448,1.00
173,449,1.00
174,449,1.00
175,449,1.00
176,449,1.00
177,449,1.00
178,449,1.00
179,449,1.00
180,449,1.00
181,449,1.00
182,449,1.00
183,449,1.00
184,449,1.00
185,449,1.00
186,449,1.00
187,449,1.00
188,449,1.00
189,449,1.00
173,450,1.00
174,450,1.00
175,450,1.00
176,450,1.00
177,450,1.00
178,450,1.00
179,450,1.00
180,450,1.00
181,450,1.00
182,450,1.00
183,450,1.00
184,450,1.00
185,450,1.00
186,450,1.00
187,450,1.00
188,450,1.00
189,450,1.00
190,434,1.00
190,435,1.00
190,436,1.00
190,437,1.00
190,438,1.00
190,439,1.00
190,440,1.00
190,441,1.00
190,442,1.00
190,443,1.00
190,444,1.00
190,445,1.00
190,446,1.00
190,447,1.00
190,448,1.00
190,449,1.00
190,450,1.00
191,435,1.00
191,436,1.00
191,437,1.00
191,438,1.00
191,439,1.00
191,440,1.00
191,441,1.00
191,442,1.00
191,443,1.00
191,444,1.00
191,445,1.00
191,446,1.00
191,447,1.00
191,448,1.00
191,449,1.00
191,450,1.00
175,451,0.69
176,451,1.00
177,451,1.00
178,451,1.00
179,451,1.00
180,451,1.00
181,451,1.00
182,451,1.00
183,451,1.00
184,451,1.00
185,451,1.00
186,451,1.00
187,451,1.00
188,451,1.00
189,451,1.00
190,451,1.00
191,451,1.00
192,435,0.69
192,436,1.00
192,437,1.00
192,438,1.00
192,439,1.00
192,440,1.00
192,441,1.00
192,442,1.00
192,443,1.00
192,444,1.00
192,445,1.00
192,446,1.00
192,447,1.00
192,448,1.00
192,449,1.00
192,450,1.00
192,451,1.00
193,436,0.69
193,437,0.69
193,438,1.00
193,439,1.00
193,440,1.00
193,441,1.00
193,442,1.00
193,443,1.00
193,444,1.00
193,445,1.00
193,446,1.00
193,447,1.00
193,448,1.00
193,449,1.00
193,450,1.00
193,451,1.00
177,452,0.69
178,452,1.00
179,452,1.00
180,452,1.00
181,452,1.00
182,452,1.00
183,452,1.00
184,452,1.00
185,452,1.00
186,452,1.00
187,452,1.00
188,452,1.00
189,452,1.00
190,452,1.00
191,452,1.00
192,452,1.00
193,452,1.00
194,438,0.69
194,439,0.69
194,440,1.00
194,441,1.00
194,442,1.00
194,443,1.00
194,444,1.00
194,445,1.00
194,446,1.00
194,447,1.00
194,448,1.00
194,449,1.00
194,450,1.00
194,451,1.00
194,452,1.00
178,453,0.69
179,453,0.69
180,453,1.00
181,453,1.00
182,453,1.00
183,453,1.00
184,453,1.00
185,453,1.00
186,453,1.00
187,453,1.00
188,453,1.00
189,453,1.00
190,453,1.00
191,453,1.00
192,453,1.00
193,453,1.00
194,453,1.00
178,454,0.69
179,454,0.69
180,454,1.00
181,454,1.00
182,454,1.00
183,454,1.00
184,454,1.00
185,454,1.00
186,454,1.00
187,454,1.00
188,454,1.00
189,454,1.00
190,454,1.00
191,454,1.00
192,454,1.00
193,454,1.00
194,454,1.00
195,440,0.69
196,440,0.69
195,441,1.00
196,441,1.00
195,442,1.00
196,442,1.00
195,443,1.00
196,443,1.00
195,444,1.00
196,444,1.00
195,445,1.00
196,445,1.00
195,446,1.00
196,446,1.00
195,447,1.00
196,447,1.00
195,448,1.00
196,448,1.00
195,449,1.00
196,449,1.00
195,450,1.00
196,450,1.00
195,451,1.00
196,451,1.00
195,452,1.00
196,452,1.00
195,453,1.00
196,453,1.00
195,454,1.00
196,454,1.00
180,455,0.69
181,455,1.00
182,455,1.00
183,455,1.00
184,455,1.00
185,455,1.00
186,455,1.00
187,455,1.00
188,455,1.00
189,455,1.00
190,455,1.00
191,455,1.00
192,455,1.00
193,455,1.00
194,455,1.00
195,455,1.00
196,455,1.00
180,456,0.69
181,456,1.00
182,456,1.00
183,456,1.00
184,456,1.00
185,456,1.00
186,456,1.00
187,456,1.00
188,456,1.00
189,456,1.00
190,456,1.00
191,456,1.00
192,456,1.00
193,456,1.00
194,456,1.00
195,456,1.00
196,456,1.00
197,441,0.69
197,442,0.69
197,443,1.00
197,444,1.00
197,445,1.00
197,446,1.00
197,447,1.00
197,448,1.00
197,449,1.00
197,450,1.00
197,451,1.00
197,452,1.00
197,453,1.00
197,454,1.00
197,455,1.00
197,456,1.00
181,457,0.69
182,457,1.00
183,457,1.00
184,457,1.00
185,457,1.00
186,457,1.00
187,457,1.00
188,457,1.00
189,457,1.00
190,457,1.00
191,457,1.00
192,457,1.00
193,457,1.00
194,457,1.00
195,457,1.00
196,457,1.00
197,457,1.00
198,443,0.69
198,444,1.00
198,445,1.00
198,446,1.00
198,447,1.00
198,448,1.00
198,449,1.00
198,450,1.00
198,451,1.00
198,452,1.00
198,453,1.00
198,454,1.00
198,455,1.00
198,456,1.00
198,457,1.00
182,458,0.69
183,458,0.69
184,458,1.00
185,458,1.00
186,458,1.00
187,458,1.00
188,458,1.00
189,458,1.00
190,458,1.00
191,458,1.00
192,458,1.00
193,458,1.00
194,458,1.00
195,458,1.00
196,458,1.00
197,458,1.00
198,458,1.00
182,459,0.69
183,459,0.69
184,459,1.00
185,459,1.00
186,459,1.00
187,459,1.00
188,459,1.00
189,459,1.00
190,459,1.00
191,459,1.00
192,459,1.00
193,459,1.00
194,459,1.00
195,459,1.00
196,459,1.00
197,459,1.00
198,459,1.00
199,444,0.69
200,444,0.69
199,445,1.00
200,445,1.00
199,446,1.00
200,446,1.00
199,447,1.00
200,447,1.00
199,448,1.00
200,448,1.00
199,449,1.00
200,449,1.00
199,450,1.00
200,450,1.00
199,451,1.00
200,451,1.00
199,452,1.00
200,452,1.00
199,453,1.00
200,453,1.00
199,454,1.00
200,454,1.00
199,455,1.00
200,455,1.00
199,456,1.00
200,456,1.00
199,457,1.00
200,457,1.00
199,458,1.00
200,458,1.00
199,459,1.00
200,459,1.00
184,460,0.69
185,460,1.00
186,460,1.00
187,460,1.00
188,460,1.00
189,460,1.00
190,460,1.00
191,460,1.00
192,460,1.00
193,460,1.00
194,460,1.00
195,460,1.00
196,460,1.00
197,460,1.00
198,460,1.00
199,460,1.00
200,460,1.00
201,445,0.69
201,446,1.00
201,447,1.00
201,448,1.00
201,449,1.00
201,450,1.00
201,451,1.00
201,452,1.00
201,453,1.00
201,454,1.00
201,455,1.00
201,456,1.00
201,457,1.00
201,458,1.00
201,459,1.00
201,460,1.00
185,461,1.00
186,461,1.00
187,461,1.00
188,461,1.00
189,461,1.00
190,461,1.00
191,461,1.00
192,461,1.00
193,461,1.00
194,461,1.00
195,461,1.00
196,461,1.00
197,461,1.00
198,461,1.00
199,461,1.00
200,461,1.00
201,461,1.00
185,462,1.00
186,462,1.00
187,462,1.00
188,462,1.00
189,462,1.00
190,462,1.00
191,462,1.00
192,462,1.00
193,462,1.00
194,462,1.00
195,462,1.00
196,462,1.00
197,462,1.00
198,462,1.00
199,462,1.00
200,462,1.00
201,462,1.00
185,463,0.69
186,463,1.00
187,463,1.00
188,463,1.00
189,463,1.00
190,463,1.00
191,463,1.00
192,463,1.00
193,463,1.00
194,463,1.00
195,463,1.00
196,463,1.00
197,463,1.00
198,463,1.00
199,463,1.00
200,463,1.00
201,463,1.00
202,448,0.69
202,449,1.00
202,450,1.00
202,451,1.00
202,452,1.00
202,453,1.00
202,454,1.00
202,455,1.00
202,456,1.00
202,457,1.00
202,458,1.00
202,459,1.00
202,460,1.00
202,461,1.00
202,462,1.00
202,463,1.00
186,464,0.69
187,464,1.00
188,464,1.00
189,464,1.00
190,464,1.00
191,464,1.00
192,464,1.00
193,464,1.00
194,464,1.00
195,464,1.00
196,464,1.00
197,464,1.00
198,464,1.00
199,464,1.00
200,464,1.00
201,464,1.00
202,464,1.00
203,449,1.00
203,450,1.00
203,451,1.00
203,452,1.00
203,453,1.00
203,454,1.00
203,455,1.00
203,456,1.00
203,457,1.00
203,458,1.00
203,459,1.00
203,460,1.00
203,461,1.00
203,462,1.00
203,463,1.00
203,464,1.00
187,465,1.00
188,465,1.00
189,465,1.00
190,465,1.00
191,465,1.00
192,465,1.00
193,465,1.00
194,465,1.00
195,465,1.00
196,465,1.00
197,465,1.00
198,465,1.00
199,465,1.00
200,465,1.00
201,465,1.00
202,465,1.00
203,465,1.00
204,450,0.69
204,451,1.00
204,452,1.00
204,453,1.00
204,454,1.00
204,455,1.00
204,456,1.00
204,457,1.00
204,458,1.00
204,459,1.00
204,460,1.00
204,461,1.00
204,462,1.00
204,463,1.00
204,464,1.00
204,465,1.00
188,466,0.69
189,466,1.00
190,466,1.00
191,466,1.00
192,466,1.00
193,466,1.00
194,466,1.00
195,466,1.00
196,466,1.00
197,466,1.00
198,466,1.00
199,466,1.00
200,466,1.00
201,466,1.00
202,466,1.00
203,466,1.00
204,466,1.00
205,451,0.69
205,452,1.00
205,453,1.00
205,454,1.00
205,455,1.00
205,456,1.00
205,457,1.00
205,458,1.00
205,459,1.00
205,460,1.00
205,461,1.00
205,462,1.00
205,463,1.00
205,464,1.00
205,465,1.00
205,466,1.00
189,467,1.00
190,467,1.00
191,467,1.00
192,467,1.00
193,467,1.00
194,467,1.00
195,467,1.00
196,467,1.00
197,467,1.00
198,467,1.00
199,467,1.00
200,467,1.00
201,467,1.00
202,467,1.00
203,467,1.00
204,467,1.00
205,467,1.00
189,468,1.00
190,468,1.00
191,468,1.00
192,468,1.00
193,468,1.00
194,468,1.00
195,468,1.00
196,468,1.00
197,468,1.00
198,468,1.00
199,468,1.00
200,468,1.00
201,468,1.00
202,468,1.00
203,468,1.00
204,468,1.00
205,468,1.00
189,469,0.69
190,469,1.00
191,469,1.00
192,469,1.00
193,469,1.00
194,469,1.00
195,469,1.00
196,469,1.00
197,469,1.00
198,469,1.00
199,469,1.00
200,469,1.00
201,469,1.00
202,469,1.00
203,469,1.00
204,469,1.00
205,469,1.00
206,453,0.69
206,454,1.00
206,455,1.00
206,456,1.00
206,457,1.00
206,458,1.00
206,459,1.00
206,460,1.00
206,461,1.00
206,462,1.00
206,463,1.00
206,464,1.00
206,465,1.00
206,466,1.00
206,467,1.00
206,468,1.00
206,469,1.00
207,454,0.69
207,455,1.00
207,456,1.00
207,457,1.00
207,458,1.00
207,459,1.00
207,460,1.00
207,461,1.00
207,462,1.00
207,463,1.00
207,464,1.00
207,465,1.00
207,466,1.00
207,467,1.00
207,468,1.00
207,469,1.00
191,470,0.69
192,470,1.00
193,470,1.00
194,470,1.00
195,470,1.00
196,470,1.00
197,470,1.00
198,470,1.00
199,470,1.00
200,470,1.00
201,470,1.00
202,470,1.00
203,470,1.00
204,470,1.00
205,470,1.00
206,470,1.00
207,470,1.00
208,455,0.69
208,456,1.00
208,457,1.00
208,458,1.00
208,459,1.00
208,460,1.00
208,461,1.00
208,462,1.00
208,463,1.00
208,464,1.00
208,465,1.00
208,466,1.00
208,467,1.00
208,468,1.00
208,469,1.00
208,470,1.00
192,471,0.69
193,471,1.00
194,471,1.00
195,471,1.00
196,471,1.00
197,471,1.00
198,471,1.00
199,471,1.00
200,471,1.00
201,471,1.00
202,471,1.00
203,471,1.00
204,471,1.00
205,471,1.00
206,471,1.00
207,471,1.00
208,471,1.00
209,456,0.69
209,457,0.69
209,458,1.00
209,459,1.00
209,460,1.00
209,461,1.00
209,462,1.00
209,463,1.00
209,464,1.00
209,465,1.00
209,466,1.00
209,467,1.00
209,468,1.00
209,469,1.00
209,470,1.00
209,471,1.00
193,472,0.69
194,472,1.00
195,472,1.00
196,472,1.00
197,472,1.00
198,472,1.00
199,472,1.00
200,472,1.00
201,472,1.00
202,472,1.00
203,472,1.00
204,472,1.00
205,472,1.00
206,472,1.00
207,472,1.00
208,472,1.00
209,472,1.00
210,458,1.00
210,459,1.00
210,460,1.00
210,461,1.00
210,462,1.00
210,463,1.00
210,464,1.00
210,465,1.00
210,466,1.00
210,467,1.00
210,468,1.00
210,469,1.00
210,470,1.00
210,471,1.00
210,472,1.00
194,473,0.69
195,473,1.00
196,473,1.00
197,473,1.00
198,473,1.00
199,473,1.00
200,473,1.00
201,473,1.00
202,473,1.00
203,473,1.00
204,473,1.00
205,473,1.00
206,473,1.00
207,473,1.00
208,473,1.00
209,473,1.00
210,473,1.00
194,474,0.69
195,474,1.00
196,474,1.00
197,474,1.00
198,474,1.00
199,474,1.00
200,474,1.00
201,474,1.00
202,474,1.00
203,474,1.00
204,474,1.00
205,474,1.00
206,474,1.00
207,474,1.00
208,474,1.00
209,474,1.00
210,474,1.00
211,458,0.69
211,459,0.69
211,460,1.00
211,461,1.00
211,462,1.00
211,463,1.00
211,464,1.00
211,465,1.00
211,466,1.00
211,467,1.00
211,468,1.00
211,469,1.00
211,470,1.00
211,471,1.00
211,472,1.00
211,473,1.00
211,474,1.00
212,460,0.69
213,460,0.69
212,461,0.69
213,461,0.69
212,462,1.00
213,462,1.00
212,463,1.00
213,463,1.00
212,464,1.00
213,464,1.00
212,465,1.00
213,465,1.00
212,466,1.00
213,466,1.00
212,467,1.00
213,467,1.00
212,468,1.00
213,468,1.00
212,469,1.00
213,469,1.00
212,470,1.00
213,470,1.00
212,471,1.00
213,471,1.00
212,472,1.00
213,472,1.00
212,473,1.00
213,473,1.00
212,474,1.00
213,474,1.00
197,475,0.69
198,475,1.00
199,475,1.00
200,475,1.00
201,475,1.00
202,475,1.00
203,475,1.00
204,475,1.00
205,475,1.00
206,475,1.00
207,475,1.00
208,475,1.00
209,475,1.00
210,475,1.00
211,475,1.00
212,475,1.00
213,475,1.00
197,476,0.69
198,476,1.00
199,476,1.00
200,476,1.00
201,476,1.00
202,476,1.00
203,476,1.00
204,476,1.00
205,476,1.00
206,476,1.00
207,476,1.00
208,476,1.00
209,476,1.00
210,476,1.00
211,476,1.00
212,476,1.00
213,476,1.00
214,462,0.69
214,463,1.00
214,464,1.00
214,465,1.00
214,466,1.00
214,467,1.00
214,468,1.00
214,469,1.00
214,470,1.00
214,471,1.00
214,472,1.00
214,473,1.00
214,474,1.00
214,475,1.00
214,476,1.00
198,477,0.69
199,477,0.69
200,477,1.00
201,477,1.00
202,477,1.00
203,477,1.00
204,477,1.00
205,477,1.00
206,477,1.00
207,477,1.00
208,477,1.00
209,477,1.00
210,477,1.00
211,477,1.00
212,477,1.00
213,477,1.00
214,477,1.00
198,478,0.69
199,478,0.69
200,478,1.00
201,478,1.00
202,478,1.00
203,478,1.00
204,478,1.00
205,478,1.00
206,478,1.00
207,478,1.00
208,478,1.00
209,478,1.00
210,478,1.00
211,478,1.00
212,478,1.00
213,478,1.00
214,478,1.00
215,463,0.69
216,463,0.69
215,464,0.69
216,464,0.69
215,465,1.00
216,465,1.00
215,466,1.00
216,466,1.00
215,467,1.00
216,467,1.00
215,468,1.00
216,468,1.00
215,469,1.00
216,469,1.00
215,470,1.00
216,470,1.00
215,471,1.00
216,471,1.00
215,472,1.00
216,472,1.00
215,473,1.00
216,473,1.00
215,474,1.00
216,474,1.00
215,475,1.00
216,475,1.00
215,476,1.00
216,476,1.00
215,477,1.00
216,477,1.00
215,478,1.00
216,478,1.00
200,479,0.69
201,479,0.69
202,479,0.69
203,479,1.00
204,479,1.00
205,479,1.00
206,479,1.00
207,479,1.00
208,479,1.00
209,479,1.00
210,479,1.00
211,479,1.00
212,479,1.00
213,479,1.00
214,479,1.00
215,479,1.00
216,479,1.00
217,465,0.69
218,465,0.69
219,465,0.69
217,466,0.69
218,466,0.69
219,466,0.69
217,467,1.00
218,467,1.00
219,467,1.00
217,468,1.00
218,468,1.00
219,468,1.00
217,469,1.00
218,469,1.00
219,469,1.00
217,470,1.00
218,470,1.00
219,470,1.00
217,471,1.00
218,471,1.00
219,471,1.00
217,472,1.00
218,472,1.00
219,472,1.00
217,473,1.00
218,473,1.00
219,473,1.00
217,474,1.00
218,474,1.00
219,474,1.00
217,475,1.00
218,475,1.00
219,475,1.00
217,476,1.00
218,476,1.00
219,476,1.00
217,477,1.00
218,477,1.00
219,477,1.00
217,478,1.00
218,478,1.00
219,478,1.00
217,479,1.00
218,479,1.00
219,479,1.00
203,480,0.69
204,480,1.00
205,480,1.00
206,480,1.00
207,480,1.00
208,480,1.00
209,480,1.00
210,480,1.00
211,480,1.00
212,480,1.00
213,480,1.00
214,480,1.00
215,480,1.00
216,480,1.00
217,480,1.00
218,480,1.00
219,480,1.00
203,481,0.69
204,481,1.00
205,481,1.00
206,481,1.00
207,481,1.00
208,481,1.00
209,481,1.00
210,481,1.00
211,481,1.00
212,481,1.00
213,481,1.00
214,481,1.00
215,481,1.00
216,481,1.00
217,481,1.00
218,481,1.00
219,481,1.00
220,467,1.00
220,468,1.00
220,469,1.00
220,470,1.00
220,471,1.00
220,472,1.00
220,473,1.00
220,474,1.00
220,475,1.00
220,476,1.00
220,477,1.00
220,478,1.00
220,479,1.00
220,480,1.00
220,481,1.00
204,482,0.69
205,482,0.69
206,482,1.00
207,482,1.00
208,482,1.00
209,482,1.00
210,482,1.00
211,482,1.00
212,482,1.00
213,482,1.00
214,482,1.00
215,482,1.00
216,482,1.00
217,482,1.00
218,482,1.00
219,482,1.00
220,482,1.00
204,483,0.69
205,483,0.69
206,483,1.00
207,483,1.00
208,483,1.00
209,483,1.00
210,483,1.00
211,483,1.00
212,483,1.00
213,483,1.00
214,483,1.00
215,483,1.00
216,483,1.00
217,483,1.00
218,483,1.00
219,483,1.00
220,483,1.00
221,467,0.69
222,467,0.69
221,468,0.69
222,468,0.69
221,469,1.00
222,469,1.00
221,470,1.00
222,470,1.00
221,471,1.00
222,471,1.00
221,472,1.00
222,472,1.00
221,473,1.00
222,473,1.00
221,474,1.00
222,474,1.00
221,475,1.00
222,475,1.00
221,476,1.00
222,476,1.00
221,477,1.00
222,477,1.00
221,478,1.00
222,478,1.00
221,479,1.00
222,479,1.00
221,480,1.00
222,480,1.00
221,481,1.00
222,481,1.00
221,482,1.00
222,482,1.00
221,483,1.00
222,483,1.00
223,469,0.69
223,470,1.00
223,471,1.00
223,472,1.00
223,473,1.00
223,474,1.00
223,475,1.00
223,476,1.00
223,477,1.00
223,478,1.00
223,479,1.00
223,480,1.00
223,481,1.00
223,482,1.00
223,483,1.00
207,484,0.69
208,484,1.00
209,484,1.00
210,484,1.00
211,484,1.00
212,484,1.00
213,484,1.00
214,484,1.00
215,484,1.00
216,484,1.00
217,484,1.00
218,484,1.00
219,484,1.00
220,484,1.00
221,484,1.00
222,484,1.00
223,484,1.00
207,485,0.69
208,485,1.00
209,485,1.00
210,485,1.00
211,485,1.00
212,485,1.00
213,485,1.00
214,485,1.00
215,485,1.00
216,485,1.00
217,485,1.00
218,485,1.00
219,485,1.00
220,485,1.00
221,485,1.00
222,485,1.00
223,485,1.00
224,470,0.69
224,471,1.00
224,472,1.00
224,473,1.00
224,474,1.00
224,475,1.00
224,476,1.00
224,477,1.00
224,478,1.00
224,479,1.00
224,480,1.00
224,481,1.00
224,482,1.00
224,483,1.00
224,484,1.00
224,485,1.00
208,486,0.69
209,486,0.69
210,486,1.00
211,486,1.00
212,486,1.00
213,486,1.00
214,486,1.00
215,486,1.00
216,486,1.00
217,486,1.00
218,486,1.00
219,486,1.00
220,486,1.00
221,486,1.00
222,486,1.00
223,486,1.00
224,486,1.00
225,471,0.69
226,471,0.69
225,472,1.00
226,472,1.00
225,473,1.00
226,473,1.00
225,474,1.00
226,474,1.00
225,475,1.00
226,475,1.00
225,476,1.00
226,476,1.00
225,477,1.00
226,477,1.00
225,478,1.00
226,478,1.00
225,479,1.00
226,479,1.00
225,480,1.00
226,480,1.00
225,481,1.00
226,481,1.00
225,482,1.00
226,482,1.00
225,483,1.00
226,483,1.00
225,484,1.00
226,484,1.00
225,485,1.00
226,485,1.00
225,486,1.00
226,486,1.00
210,487,0.69
211,487,0.69
212,487,1.00
213,487,1.00
214,487,1.00
215,487,1.00
216,487,1.00
217,487,1.00
218,487,1.00
219,487,1.00
220,487,1.00
221,487,1.00
222,487,1.00
223,487,1.00
224,487,1.00
225,487,1.00
226,487,1.00
227,472,0.69
228,472,0.69
227,473,1.00
228,473,1.00
227,474,1.00
228,474,1.00
227,475,1.00
228,475,1.00
227,476,1.00
228,476,1.00
227,477,1.00
228,477,1.00
227,478,1.00
228,478,1.00
227,479,1.00
228,479,1.00
227,480,1.00
228,480,1.00
227,481,1.00
228,481,1.00
227,482,1.00
228,482,1.00
227,483,1.00
228,483,1.00
227,484,1.00
228,484,1.00
227,485,1.00
228,485,1.00
227,486,1.00
228,486,1.00
227,487,1.00
228,487,1.00
212,488,0.69
213,488,1.00
214,488,1.00
215,488,1.00
216,488,1.00
217,488,1.00
218,488,1.00
219,488,1.00
220,488,1.00
221,488,1.00
222,488,1.00
223,488,1.00
224,488,1.00
225,488,1.00
226,488,1.00
227,488,1.00
228,488,1.00
229,473,0.69
229,474,1.00
229,475,1.00
229,476,1.00
229,477,1.00
229,478,1.00
229,479,1.00
229,480,1.00
229,481,1.00
229,482,1.00
229,483,1.00
229,484,1.00
229,485,1.00
229,486,1.00
229,487,1.00
229,488,1.00
213,489,0.69
214,489,0.69
215,489,1.00
216,489,1.00
217,489,1.00
218,489,1.00
219,489,1.00
220,489,1.00
221,489,1.00
222,489,1.00
223,489,1.00
224,489,1.00
225,489,1.00
226,489,1.00
227,489,1.00
228,489,1.00
229,489,1.00
230,474,0.69
231,474,0.69
230,475,0.69
231,475,0.69
230,476,1.00
231,476,1.00
230,477,1.00
231,477,1.00
230,478,1.00
231,478,1.00
230,479,1.00
231,479,1.00
230,480,1.00
231,480,1.00
230,481,1.00
231,481,1.00
230,482,1.00
231,482,1.00
230,483,1.00
231,483,1.00
230,484,1.00
231,484,1.00
230,485,1.00
231,485,1.00
230,486,1.00
231,486,1.00
230,487,1.00
231,487,1.00
230,488,1.00
231,488,1.00
230,489,1.00
231,489,1.00
215,490,0.69
216,490,0.69
217,490,1.00
218,490,1.00
219,490,1.00
220,490,1.00
221,490,1.00
222,490,1.00
223,490,1.00
224,490,1.00
225,490,1.00
226,490,1.00
227,490,1.00
228,490,1.00
229,490,1.00
230,490,1.00
231,490,1.00
232,476,1.00
233,476,1.00
232,477,1.00
233,477,1.00
232,478,1.00
233,478,1.00
232,479,1.00
233,479,1.00
232,480,1.00
233,480,1.00
232,481,1.00
233,481,1.00
232,482,1.00
233,482,1.00
232,483,1.00
233,483,1.00
232,484,1.00
233,484,1.00
232,485,1.00
233,485,1.00
232,486,1.00
233,486,1.00
232,487,1.00
233,487,1.00
232,488,1.00
233,488,1.00
232,489,1.00
233,489,1.00
232,490,1.00
233,490,1.00
217,491,0.69
218,491,1.00
219,491,1.00
220,491,1.00
221,491,1.00
222,491,1.00
223,491,1.00
224,491,1.00
225,491,1.00
226,491,1.00
227,491,1.00
228,491,1.00
229,491,1.00
230,491,1.00
231,491,1.00
232,491,1.00
233,491,1.00
217,492,0.69
218,492,1.00
219,492,1.00
220,492,1.00
221,492,1.00
222,492,1.00
223,492,1.00
224,492,1.00
225,492,1.00
226,492,1.00
227,492,1.00
228,492,1.00
229,492,1.00
230,492,1.00
231,492,1.00
232,492,1.00
233,492,1.00
234,476,0.69
234,477,1.00
234,478,1.00
234,479,1.00
234,480,1.00
234,481,1.00
234,482,1.00
234,483,1.00
234,484,1.00
234,485,1.00
234,486,1.00
234,487,1.00
234,488,1.00
234,489,1.00
234,490,1.00
234,491,1.00
234,492,1.00
235,477,0.69
236,477,0.69
235,478,0.69
236,478,0.69
235,479,1.00
236,479,1.00
235,480,1.00
236,480,1.00
235,481,1.00
236,481,1.00
235,482,1.00
236,482,1.00
235,483,1.00
236,483,1.00
235,484,1.00
236,484,1.00
235,485,1.00
236,485,1.00
235,486,1.00
236,486,1.00
235,487,1.00
236,487,1.00
235,488,1.00
236,488,1.00
235,489,1.00
236,489,1.00
235,490,1.00
236,490,1.00
235,491,1.00
236,491,1.00
235,492,1.00
236,492,1.00
220,493,0.69
221,493,1.00
222,493,1.00
223,493,1.00
224,493,1.00
225,493,1.00
226,493,1.00
227,493,1.00
228,493,1.00
229,493,1.00
230,493,1.00
231,493,1.00
232,493,1.00
233,493,1.00
234,493,1.00
235,493,1.00
236,493,1.00
237,479,0.69
237,480,1.00
237,481,1.00
237,482,1.00
237,483,1.00
237,484,1.00
237,485,1.00
237,486,1.00
237,487,1.00
237,488,1.00
237,489,1.00
237,490,1.00
237,491,1.00
237,492,1.00
237,493,1.00
221,494,0.69
222,494,0.69
223,494,1.00
224,494,1.00
225,494,1.00
226,494,1.00
227,494,1.00
228,494,1.00
229,494,1.00
230,494,1.00
231,494,1.00
232,494,1.00
233,494,1.00
234,494,1.00
235,494,1.00
236,494,1.00
237,494,1.00
221,495,0.69
222,495,0.69
223,495,1.00
224,495,1.00
225,495,1.00
226,495,1.00
227,495,1.00
228,495,1.00
229,495,1.00
230,495,1.00
231,495,1.00
232,495,1.00
233,495,1.00
234,495,1.00
235,495,1.00
236,495,1.00
237,495,1.00
238,480,0.69
239,480,0.69
238,481,1.00
239,481,1.00
238,482,1.00
239,482,1.00
238,483,1.00
239,483,1.00
238,484,1.00
239,484,1.00
238,485,1.00
239,485,1.00
238,486,1.00
239,486,1.00
238,487,1.00
239,487,1.00
238,488,1.00
239,488,1.00
238,489,1.00
239,489,1.00
238,490,1.00
239,490,1.00
238,491,1.00
239,491,1.00
238,492,1.00
239,492,1.00
238,493,1.00
239,493,1.00
238,494,1.00
239,494,1.00
238,495,1.00
239,495,1.00
223,496,0.69
224,496,0.69
225,496,1.00
226,496,1.00
227,496,1.00
228,496,1.00
229,496,1.00
230,496,1.00
231,496,1.00
232,496,1.00
233,496,1.00
234,496,1.00
235,496,1.00
236,496,1.00
237,496,1.00
238,496,1.00
239,496,1.00
240,481,0.69
241,481,0.69
240,482,1.00
241,482,1.00
240,483,1.00
241,483,1.00
240,484,1.00
241,484,1.00
240,485,1.00
241,485,1.00
240,486,1.00
241,486,1.00
240,487,1.00
241,487,1.00
240,488,1.00
241,488,1.00
240,489,1.00
241,489,1.00
240,490,1.00
241,490,1.00
240,491,1.00
241,491,1.00
240,492,1.00
241,492,1.00
240,493,1.00
241,493,1.00
240,494,1.00
241,494,1.00
240,495,1.00
241,495,1.00
240,496,1.00
241,496,1.00
225,497,0.69
226,497,1.00
227,497,1.00
228,497,1.00
229,497,1.00
230,497,1.00
231,497,1.00
232,497,1.00
233,497,1.00
234,497,1.00
235,497,1.00
236,497,1.00
237,497,1.00
238,497,1.00
239,497,1.00
240,497,1.00
241,497,1.00
242,482,0.69
242,483,1.00
242,484,1.00
242,485,1.00
242,486,1.00
242,487,1.00
242,488,1.00
242,489,1.00
242,490,1.00
242,491,1.00
242,492,1.00
242,493,1.00
242,494,1.00
242,495,1.00
242,496,1.00
242,497,1.00
226,498,0.69
227,498,0.69
228,498,1.00
229,498,1.00
230,498,1.00
231,498,1.00
232,498,1.00
233,498,1.00
234,498,1.00
235,498,1.00
236,498,1.00
237,498,1.00
238,498,1.00
239,498,1.00
240,498,1.00
241,498,1.00
242,498,1.00
243,483,0.69
244,483,0.69
243,484,0.69
244,484,0.69
243,485,1.00
244,485,1.00
243,486,1.00
244,486,1.00
243,487,1.00
244,487,1.00
243,488,1.00
244,488,1.00
243,489,1.00
244,489,1.00
243,490,1.00
244,490,1.00
243,491,1.00
244,491,1.00
243,492,1.00
244,492,1.00
243,493,1.00
244,493,1.00
243,494,1.00
244,494,1.00
243,495,1.00
244,495,1.00
243,496,1.00
244,496,1.00
243,497,1.00
244,497,1.00
243,498,1.00
244,498,1.00
228,499,0.69
229,499,0.69
230,499,1.00
231,499,1.00
232,499,1.00
233,499,1.00
234,499,1.00
235,499,1.00
236,499,1.00
237,499,1.00
238,499,1.00
239,499,1.00
240,499,1.00
241,499,1.00
242,499,1.00
243,499,1.00
244,499,1.00
245,485,0.69
246,485,0.69
245,486,1.00
246,486,1.00
245,487,1.00
246,487,1.00
245,488,1.00
246,488,1.00
245,489,1.00
246,489,1.00
245,490,1.00
246,490,1.00
245,491,1.00
246,491,1.00
245,492,1.00
246,492,1.00
245,493,1.00
246,493,1.00
245,494,1.00
246,494,1.00
245,495,1.00
246,495,1.00
245,496,1.00
246,496,1.00
245,497,1.00
246,497,1.00
245,498,1.00
246,498,1.00
245,499,1.00
246,499,1.00
230,500,0.69
231,500,1.00
232,500,1.00
233,500,1.00
234,500,1.00
235,500,1.00
236,500,1.00
237,500,1.00
238,500,1.00
239,500,1.00
240,500,1.00
241,500,1.00
242,500,1.00
243,500,1.00
244,500,1.00
245,500,1.00
246,500,1.00
230,501,0.69
231,501,1.00
232,501,1.00
233,501,1.00
234,501,1.00
235,501,1.00
236,501,1.00
237,501,1.00
238,501,1.00
239,501,1.00
240,501,1.00
241,501,1.00
242,501,1.00
243,501,1.00
244,501,1.00
245,501,1.00
246,501,1.00
247,486,0.69
247,487,1.00
247,488,1.00
247,489,1.00
247,490,1.00
247,491,1.00
247,492,1.00
247,493,1.00
247,494,1.00
247,495,1.00
247,496,1.00
247,497,1.00
247,498,1.00
247,499,1.00
247,500,1.00
247,501,1.00
231,502,0.69
232,502,0.69
233,502,1.00
234,502,1.00
235,502,1.00
236,502,1.00
237,502,1.00
238,502,1.00
239,502,1.00
240,502,1.00
241,502,1.00
242,502,1.00
243,502,1.00
244,502,1.00
245,502,1.00
246,502,1.00
247,502,1.00
248,487,0.69
249,487,0.69
248,488,0.69
249,488,0.69
248,489,1.00
249,489,1.00
248,490,1.00
249,490,1.00
248,491,1.00
249,491,1.00
248,492,1.00
249,492,1.00
248,493,1.00
249,493,1.00
248,494,1.00
249,494,1.00
248,495,1.00
249,495,1.00
248,496,1.00
249,496,1.00
248,497,1.00
249,497,1.00
248,498,1.00
249,498,1.00
248,499,1.00
249,499,1.00
248,500,1.00
249,500,1.00
248,501,1.00
249,501,1.00
248,502,1.00
249,502,1.00
233,503,0.69
234,503,0.69
235,503,1.00
236,503,1.00
237,503,1.00
238,503,1.00
239,503,1.00
240,503,1.00
241,503,1.00
242,503,1.00
243,503,1.00
244,503,1.00
245,503,1.00
246,503,1.00
247,503,1.00
248,503,1.00
249,503,1.00
250,489,0.69
251,489,0.69
250,490,1.00
251,490,1.00
250,491,1.00
251,491,1.00
250,492,1.00
251,492,1.00
250,493,1.00
251,493,1.00
250,494,1.00
251,494,1.00
250,495,1.00
251,495,1.00
250,496,1.00
251,496,1.00
250,497,1.00
251,497,1.00
250,498,1.00
251,498,1.00
250,499,1.00
251,499,1.00
250,500,1.00
251,500,1.00
250,501,1.00
251,501,1.00
250,502,1.00
251,502,1.00
250,503,1.00
251,503,1.00
235,504,1.00
236,504,1.00
237,504,1.00
238,504,1.00
239,504,1.00
240,504,1.00
241,504,1.00
242,504,1.00
243,504,1.00
244,504,1.00
245,504,1.00
246,504,1.00
247,504,1.00
248,504,1.00
249,504,1.00
250,504,1.00
251,504,1.00
235,505,1.00
236,505,1.00
237,505,1.00
238,505,1.00
239,505,1.00
240,505,1.00
241,505,1.00
242,505,1.00
243,505,1.00
244,505,1.00
245,505,1.00
246,505,1.00
247,505,1.00
248,505,1.00
249,505,1.00
250,505,1.00
251,505,1.00
235,506,0.69
236,506,0.69
237,506,1.00
238,506,1.00
239,506,1.00
240,506,1.00
241,506,1.00
242,506,1.00
243,506,1.00
244,506,1.00
245,506,1.00
246,506,1.00
247,506,1.00
248,506,1.00
249,506,1.00
250,506,1.00
251,506,1.00
252,490,0.69
253,490,0.69
252,491,0.69
253,491,0.69
252,492,1.00
253,492,1.00
252,493,1.00
253,493,1.00
252,494,1.00
253,494,1.00
252,495,1.00
253,495,1.00
252,496,1.00
253,496,1.00
252,497,1.00
253,497,1.00
252,498,1.00
253,498,1.00
252,499,1.00
253,499,1.00
252,500,1.00
253,500,1.00
252,501,1.00
253,501,1.00
252,502,1.00
253,502,1.00
252,503,1.00
253,503,1.00
252,504,1.00
253,504,1.00
252,505,1.00
253,505,1.00
252,506,1.00
253,506,1.00
254,492,0.69
255,492,0.69
254,493,0.69
255,493,0.69
254,494,1.00
255,494,1.00
254,495,1.00
255,495,1.00
254,496,1.00
255,496,1.00
254,497,1.00
255,497,1.00
254,498,1.00
255,498,1.00
254,499,1.00
255,499,1.00
254,500,1.00
255,500,1.00
254,501,1.00
255,501,1.00
254,502,1.00
255,502,1.00
254,503,1.00
255,503,1.00
254,504,1.00
255,504,1.00
254,505,1.00
255,505,1.00
254,506,1.00
255,506,1.00
239,507,0.69
240,507,0.69
241,507,1.00
242,507,1.00
243,507,1.00
244,507,1.00
245,507,1.00
246,507,1.00
247,507,1.00
248,507,1.00
249,507,1.00
250,507,1.00
251,507,1.00
252,507,1.00
253,507,1.00
254,507,1.00
255,507,1.00
239,508,0.69
240,508,0.69
241,508,1.00
242,508,1.00
243,508,1.00
244,508,1.00
245,508,1.00
246,508,1.00
247,508,1.00
248,508,1.00
249,508,1.00
250,508,1.00
251,508,1.00
252,508,1.00
253,508,1.00
254,508,1.00
255,508,1.00
256,494,0.69
257,494,0.69
256,495,0.69
257,495,0.69
256,496,1.00
257,496,1.00
256,497,1.00
257,497,1.00
256,498,1.00
257,498,1.00
256,499,1.00
257,499,1.00
256,500,1.00
257,500,1.00
256,501,1.00
257,501,1.00
256,502,1.00
257,502,1.00
256,503,1.00
257,503,1.00
256,504,1.00
257,504,1.00
256,505,1.00
257,505,1.00
256,506,1.00
257,506,1.00
256,507,1.00
257,507,1.00
256,508,1.00
257,508,1.00
241,509,0.69
242,509,0.69
243,509,0.69
244,509,1.00
245,509,1.00
246,509,1.00
247,509,1.00
248,509,1.00
249,509,1.00
250,509,1.00
251,509,1.00
252,509,1.00
253,509,1.00
254,509,1.00
255,509,1.00
256,509,1.00
257,509,1.00
241,510,0.69
242,510,0.69
243,510,0.69
244,510,1.00
245,510,1.00
246,510,1.00
247,510,1.00
248,510,1.00
249,510,1.00
250,510,1.00
251,510,1.00
252,510,1.00
253,510,1.00
254,510,1.00
255,510,1.00
256,510,1.00
257,510,1.00
258,496,0.69
259,496,0.69
260,496,0.69
258,497,0.69
259,497,0.69
260,497,0.69
258,498,1.00
259,498,1.00
260,498,1.00
258,499,1.00
259,499,1.00
260,499,1.00
258,500,1.00
259,500,1.00
260,500,1.00
258,501,1.00
259,501,1.00
260,501,1.00
258,502,1.00
259,502,1.00
260,502,1.00
258,503,1.00
259,503,1.00
260,503,1.00
258,504,1.00
259,504,1.00
260,504,1.00
258,505,1.00
259,505,1.00
260,505,1.00
258,506,1.00
259,506,1.00
260,506,1.00
258,507,1.00
259,507,1.00
260,507,1.00
258,508,1.00
259,508,1.00
260,508,1.00
258,509,1.00
259,509,1.00
260,509,1.00
258,510,1.00
259,510,1.00
260,510,1.00
244,511,0.69
245,511,0.69
246,511,0.69
247,511,1.00
248,511,1.00
249,511,1.00
250,511,1.00
251,511,1.00
252,511,1.00
253,511,1.00
254,511,1.00
255,511,1.00
256,511,1.00
257,511,1.00
258,511,1.00
259,511,1.00
260,511,1.00
244,512,0.69
245,512,0.69
246,512,0.69
247,512,1.00
248,512,1.00
249,512,1.00
250,512,1.00
251,512,1.00
252,512,1.00
253,512,1.00
254,512,1.00
255,512,1.00
256,512,1.00
257,512,1.00
258,512,1.00
259,512,1.00
260,512,1.00
261,498,0.69
262,498,0.69
263,498,0.69
261,499,0.69
262,499,0.69
263,499,0.69
261,500,1.00
262,500,1.00
263,500,1.00
261,501,1.00
262,501,1.00
263,501,1.00
261,502,1.00
262,502,1.00
263,502,1.00
261,503,1.00
262,503,1.00
263,503,1.00
261,504,1.00
262,504,1.00
263,504,1.00
261,505,1.00
262,505,1.00
263,505,1.00
261,506,1.00
262,506,1.00
263,506,1.00
261,507,1.00
262,507,1.00
263,507,1.00
261,508,1.00
262,508,1.00
263,508,1.00
261,509,1.00
262,509,1.00
263,509,1.00
261,510,1.00
262,510,1.00
263,510,1.00
261,511,1.00
262,511,1.00
263,511,1.00
261,512,1.00
262,512,1.00
263,512,1.00
247,513,0.69
248,513,0.69
249,513,1.00
250,513,1.00
251,513,1.00
252,513,1.00
253,513,1.00
254,513,1.00
255,513,1.00
256,513,1.00
257,513,1.00
258,513,1.00
259,513,1.00
260,513,1.00
261,513,1.00
262,513,1.00
263,513,1.00
247,514,0.69
248,514,0.69
249,514,1.00
250,514,1.00
251,514,1.00
252,514,1.00
253,514,1.00
254,514,1.00
255,514,1.00
256,514,1.00
257,514,1.00
258,514,1.00
259,514,1.00
260,514,1.00
261,514,1.00
262,514,1.00
263,514,1.00
264,500,0.69
265,500,0.69
264,501,0.69
265,501,0.69
264,502,1.00
265,502,1.00
264,503,1.00
265,503,1.00
264,504,1.00
265,504,1.00
264,505,1.00
265,505,1.00
264,506,1.00
265,506,1.00
264,507,1.00
265,507,1.00
264,508,1.00
265,508,1.00
264,509,1.00
265,509,1.00
264,510,1.00
265,510,1.00
264,511,1.00
265,511,1.00
264,512,1.00
265,512,1.00
264,513,1.00
265,513,1.00
264,514,1.00
265,514,1.00
249,515,0.69
250,515,0.69
251,515,1.00
252,515,1.00
253,515,1.00
254,515,1.00
255,515,1.00
256,515,1.00
257,515,1.00
258,515,1.00
259,515,1.00
260,515,1.00
261,515,1.00
262,515,1.00
263,515,1.00
264,515,1.00
265,515,1.00
249,516,0.69
250,516,0.69
251,516,1.00
252,516,1.00
253,516,1.00
254,516,1.00
255,516,1.00
256,516,1.00
257,516,1.00
258,516,1.00
259,516,1.00
260,516,1.00
261,516,1.00
262,516,1.00
263,516,1.00
264,516,1.00
265,516,1.00
266,502,0.69
267,502,0.69
266,503,1.00
267,503,1.00
266,504,1.00
267,504,1.00
266,505,1.00
267,505,1.00
266,506,1.00
267,506,1.00
266,507,1.00
267,507,1.00
266,508,1.00
267,508,1.00
266,509,1.00
267,509,1.00
266,510,1.00
267,510,1.00
266,511,1.00
267,511,1.00
266,512,1.00
267,512,1.00
266,513,1.00
267,513,1.00
266,514,1.00
267,514,1.00
266,515,1.00
267,515,1.00
266,516,1.00
267,516,1.00
251,517,0.69
252,517,0.69
253,517,1.00
254,517,1.00
255,517,1.00
256,517,1.00
257,517,1.00
258,517,1.00
259,517,1.00
260,517,1.00
261,517,1.00
262,517,1.00
263,517,1.00
264,517,1.00
265,517,1.00
266,517,1.00
267,517,1.00
251,518,0.69
252,518,0.69
253,518,1.00
254,518,1.00
255,518,1.00
256,518,1.00
257,518,1.00
258,518,1.00
259,518,1.00
260,518,1.00
261,518,1.00
262,518,1.00
263,518,1.00
264,518,1.00
265,518,1.00
266,518,1.00
267,518,1.00
268,503,0.69
269,503,0.69
268,504,1.00
269,504,1.00
268,505,1.00
269,505,1.00
268,506,1.00
269,506,1.00
268,507,1.00
269,507,1.00
268,508,1.00
269,508,1.00
268,509,1.00
269,509,1.00
268,510,1.00
269,510,1.00
268,511,1.00
269,511,1.00
268,512,1.00
269,512,1.00
268,513,1.00
269,513,1.00
268,514,1.00
269,514,1.00
268,515,1.00
269,515,1.00
268,516,1.00
269,516,1.00
268,517,1.00
269,517,1.00
268,518,1.00
269,518,1.00
253,519,0.69
254,519,1.00
255,519,1.00
256,519,1.00
257,519,1.00
258,519,1.00
259,519,1.00
260,519,1.00
261,519,1.00
262,519,1.00
263,519,1.00
264,519,1.00
265,519,1.00
266,519,1.00
267,519,1.00
268,519,1.00
269,519,1.00
270,504,0.69
270,505,1.00
270,506,1.00
270,507,1.00
270,508,1.00
270,509,1.00
270,510,1.00
270,511,1.00
270,512,1.00
270,513,1.00
270,514,1.00
270,515,1.00
270,516,1.00
270,517,1.00
270,518,1.00
270,519,1.00
254,520,0.69
255,520,1.00
256,520,1.00
257,520,1.00
258,520,1.00
259,520,1.00
260,520,1.00
261,520,1.00
262,520,1.00
263,520,1.00
264,520,1.00
265,520,1.00
266,520,1.00
267,520,1.00
268,520,1.00
269,520,1.00
270,520,1.00
271,505,0.69
271,506,1.00
271,507,1.00
271,508,1.00
271,509,1.00
271,510,1.00
271,511,1.00
271,512,1.00
271,513,1.00
271,514,1.00
271,515,1.00
271,516,1.00
271,517,1.00
271,518,1.00
271,519,1.00
271,520,1.00
255,521,0.69
256,521,1.00
257,521,1.00
258,521,1.00
259,521,1.00
260,521,1.00
261,521,1.00
262,521,1.00
263,521,1.00
264,521,1.00
265,521,1.00
266,521,1.00
267,521,1.00
268,521,1.00
269,521,1.00
270,521,1.00
271,521,1.00
272,506,0.69
272,507,1.00
272,508,1.00
272,509,1.00
272,510,1.00
272,511,1.00
272,512,1.00
272,513,1.00
272,514,1.00
272,515,1.00
272,516,1.00
272,517,1.00
272,518,1.00
272,519,1.00
272,520,1.00
272,521,1.00
256,522,0.69
257,522,1.00
258,522,1.00
259,522,1.00
260,522,1.00
261,522,1.00
262,522,1.00
263,522,1.00
264,522,1.00
265,522,1.00
266,522,1.00
267,522,1.00
268,522,1.00
269,522,1.00
270,522,1.00
271,522,1.00
272,522,1.00
273,507,0.69
273,508,1.00
273,509,1.00
273,510,1.00
273,511,1.00
273,512,1.00
273,513,1.00
273,514,1.00
273,515,1.00
273,516,1.00
273,517,1.00
273,518,1.00
273,519,1.00
273,520,1.00
273,521,1.00
273,522,1.00
257,523,1.00
258,523,1.00
259,523,1.00
260,523,1.00
261,523,1.00
262,523,1.00
263,523,1.00
264,523,1.00
265,523,1.00
266,523,1.00
267,523,1.00
268,523,1.00
269,523,1.00
270,523,1.00
271,523,1.00
272,523,1.00
273,523,1.00
257,524,1.00
258,524,1.00
259,524,1.00
260,524,1.00
261,524,1.00
262,524,1.00
263,524,1.00
264,524,1.00
265,524,1.00
266,524,1.00
267,524,1.00
268,524,1.00
269,524,1.00
270,524,1.00
271,524,1.00
272,524,1.00
273,524,1.00
274,508,0.69
274,509,1.00
274,510,1.00
274,511,1.00
274,512,1.00
274,513,1.00
274,514,1.00
274,515,1.00
274,516,1.00
274,517,1.00
274,518,1.00
274,519,1.00
274,520,1.00
274,521,1.00
274,522,1.00
274,523,1.00
274,524,1.00
275,509,1.00
275,510,1.00
275,511,1.00
275,512,1.00
275,513,1.00
275,514,1.00
275,515,1.00
275,516,1.00
275,517,1.00
275,518,1.00
275,519,1.00
275,520,1.00
275,521,1.00
275,522,1.00
275,523,1.00
275,524,1.00
259,525,1.00
260,525,1.00
261,525,1.00
262,525,1.00
263,525,1.00
264,525,1.00
265,525,1.00
266,525,1.00
267,525,1.00
268,525,1.00
269,525,1.00
270,525,1.00
271,525,1.00
272,525,1.00
273,525,1.00
274,525,1.00
275,525,1.00
276,510,0.69
276,511,1.00
276,512,1.00
276,513,1.00
276,514,1.00
276,515,1.00
276,516,1.00
276,517,1.00
276,518,1.00
276,519,1.00
276,520,1.00
276,521,1.00
276,522,1.00
276,523,1.00
276,524,1.00
276,525,1.00
260,526,0.69
261,526,1.00
262,526,1.00
263,526,1.00
264,526,1.00
265,526,1.00
266,526,1.00
267,526,1.00
268,526,1.00
269,526,1.00
270,526,1.00
271,526,1.00
272,526,1.00
273,526,1.00
274,526,1.00
275,526,1.00
276,526,1.00
277,511,1.00
277,512,1.00
277,513,1.00
277,514,1.00
277,515,1.00
277,516,1.00
277,517,1.00
277,518,1.00
277,519,1.00
277,520,1.00
277,521,1.00
277,522,1.00
277,523,1.00
277,524,1.00
277,525,1.00
277,526,1.00
261,527,1.00
262,527,1.00
263,527,1.00
264,527,1.00
265,527,1.00
266,527,1.00
267,527,1.00
268,527,1.00
269,527,1.00
270,527,1.00
271,527,1.00
272,527,1.00
273,527,1.00
274,527,1.00
275,527,1.00
276,527,1.00
277,527,1.00

