335,599,1.00
336,599,1.00
337,599,1.00
338,599,1.00
339,599,1.00
340,599,0.90
341,599,0.60
335,600,1.00
336,600,1.00
337,600,1.00
338,600,1.00
339,600,1.00
340,600,1.00
341,600,0.60
335,601,1.00
336,601,1.00
337,601,1.00
338,601,1.00
339,601,1.00
340,601,1.00
341,601,0.60
335,602,1.00
336,602,1.00
337,602,1.00
338,602,1.00
339,602,1.00
340,602,1.00
341,602,0.60
335,603,1.00
336,603,1.00
337,603,1.00
338,603,1.00
339,603,1.00
340,603,1.00
341,603,0.60
335,604,1.00
336,604,1.00
337,604,1.00
338,604,1.00
339,604,1.00
340,604,1.00
341,604,0.60
335,605,1.00
336,605,1.00
337,605,1.00
338,605,1.00
339,605,1.00
340,605,0.90
341,605,0.60
334,599,1.00
334,600,1.00
334,601,1.00
334,602,1.00
334,603,1.00
334,604,1.00
334,605,1.00
333,599,1.00
333,600,1.00
333,601,1.00
333,602,1.00
333,603,1.00
333,604,1.00
333,605,1.00
332,599,0.90
332,600,1.00
332,601,1.00
332,602,1.00
332,603,1.00
332,604,1.00
332,605,0.90
330,599,0.90
331,599,0.90
330,600,1.00
331,600,1.00
330,601,1.00
331,601,1.00
330,602,1.00
331,602,1.00
330,603,1.00
331,603,1.00
330,604,1.00
331,604,1.00
330,605,0.90
331,605,0.90
327,599,1.00
328,599,0.90
329,599,0.90
327,600,1.00
328,600,1.00
329,600,1.00
327,601,1.00
328,601,1.00
329,601,1.00
327,602,1.00
328,602,1.00
329,602,1.00
327,603,1.00
328,603,1.00
329,603,1.00
327,604,1.00
328,604,1.00
329,604,1.00
327,605,1.00
328,605,0.90
329,605,0.90
325,599,1.00
326,599,0.90
325,600,1.00
326,600,1.00
325,601,1.00
326,601,1.00
325,602,1.00
326,602,1.00
325,603,1.00
326,603,1.00
325,604,1.00
326,604,1.00
325,605,1.00
326,605,0.90
323,599,1.00
324,599,1.00
323,600,1.00
324,600,1.00
323,601,1.00
324,601,1.00
323,602,1.00
324,602,1.00
323,603,1.00
324,603,1.00
323,604,1.00
324,604,1.00
323,605,1.00
324,605,1.00
321,599,1.00
322,599,1.00
321,600,1.00
322,600,1.00
321,601,1.00
322,601,1.00
321,602,1.00
322,602,1.00
321,603,1.00
322,603,1.00
321,604,1.00
322,604,1.00
321,605,1.00
322,605,1.00
319,599,1.00
320,599,1.00
319,600,1.00
320,600,1.00
319,601,1.00
320,601,1.00
319,602,1.00
320,602,1.00
319,603,1.00
320,603,1.00
319,604,1.00
320,604,1.00
319,605,1.00
320,605,1.00
318,599,0.90
318,600,1.00
318,601,1.00
318,602,1.00
318,603,1.00
318,604,1.00
318,605,1.00
317,599,0.30
317,600,0.90
317,601,1.00
317,602,1.00
317,603,1.00
317,604,1.00
317,605,1.00
316,600,0.60
316,601,0.98
316,602,1.00
316,603,1.00
316,604,1.00
316,605,1.00
316,606,1.00
317,606,1.00
318,606,1.00
319,606,1.00
320,606,0.90
321,606,0.60
322,606,0.30
315,600,0.30
315,601,0.60
315,602,0.98
315,603,1.00
315,604,1.00
315,605,1.00
315,606,1.00
314,601,0.30
314,602,0.60
314,603,0.98
314,604,1.00
314,605,1.00
314,606,1.00
314,607,1.00
315,607,1.00
316,607,1.00
317,607,1.00
318,607,1.00
319,607,0.90
320,607,0.30
313,602,0.30
313,603,0.60
313,604,0.90
313,605,1.00
313,606,1.00
313,607,1.00
313,608,1.00
314,608,1.00
315,608,1.00
316,608,1.00
317,608,1.00
318,608,0.98
319,608,0.60
313,609,1.00
314,609,1.00
315,609,1.00
316,609,1.00
317,609,0.98
318,609,0.60
319,609,0.30
312,604,0.30
312,605,0.90
312,606,1.00
312,607,1.00
312,608,1.00
312,609,1.00
312,610,1.00
313,610,1.00
314,610,1.00
315,610,1.00
316,610,1.00
317,610,0.60
318,610,0.30
311,605,0.60
311,606,0.98
311,607,1.00
311,608,1.00
311,609,1.00
311,610,1.00
311,611,1.00
312,611,1.00
313,611,1.00
314,611,1.00
315,611,1.00
316,611,0.90
317,611,0.30
310,605,0.30
310,606,0.60
310,607,0.90
310,608,0.98
310,609,1.00
310,610,1.00
310,611,1.00
310,612,1.00
311,612,1.00
312,612,1.00
313,612,1.00
314,612,1.00
315,612,0.90
316,612,0.30
309,607,0.30
309,608,0.30
309,609,0.60
309,610,0.90
309,611,1.00
309,612,1.00
309,613,1.00
310,613,1.00
311,613,1.00
312,613,1.00
313,613,1.00
314,613,1.00
315,613,0.60
309,614,1.00
310,614,1.00
311,614,1.00
312,614,1.00
313,614,1.00
314,614,0.68
315,614,0.30
309,615,1.00
310,615,1.00
311,615,1.00
312,615,1.00
313,615,1.00
314,615,0.60
315,615,0.30
308,610,0.30
308,611,0.60
308,612,0.98
308,613,1.00
308,614,1.00
308,615,1.00
308,616,1.00
309,616,1.00
310,616,1.00
311,616,1.00
312,616,1.00
313,616,1.00
314,616,0.30
307,611,0.30
307,612,0.60
307,613,0.90
307,614,0.90
307,615,1.00
307,616,1.00
307,617,1.00
308,617,1.00
309,617,1.00
310,617,1.00
311,617,1.00
312,617,1.00
313,617,0.90
307,618,1.00
308,618,1.00
309,618,1.00
310,618,1.00
311,618,1.00
312,618,1.00
313,618,0.60
307,619,1.00
308,619,1.00
309,619,1.00
310,619,1.00
311,619,1.00
312,619,1.00
313,619,0.30
306,615,0.30
306,616,0.30
306,617,0.60
306,618,0.90
306,619,0.90
306,620,1.00
307,620,1.00
308,620,1.00
309,620,1.00
310,620,1.00
311,620,1.00
312,620,1.00
306,621,1.00
307,621,1.00
308,621,1.00
309,621,1.00
310,621,1.00
311,621,1.00
312,621,1.00
306,622,1.00
307,622,1.00
308,622,1.00
309,622,1.00
310,622,1.00
311,622,1.00
312,622,1.00
306,623,1.00
307,623,1.00
308,623,1.00
309,623,1.00
310,623,1.00
311,623,1.00
312,623,1.00
306,624,1.00
307,624,1.00
308,624,1.00
309,624,1.00
310,624,1.00
311,624,1.00
312,624,1.00
306,625,1.00
307,625,1.00
308,625,1.00
309,625,1.00
310,625,1.00
311,625,1.00
312,625,1.00
306,626,1.00
307,626,1.00
308,626,1.00
309,626,1.00
310,626,1.00
311,626,1.00
312,626,1.00
306,627,1.00
307,627,1.00
308,627,1.00
309,627,1.00
310,627,1.00
311,627,1.00
312,627,1.00
306,628,1.00
307,628,1.00
308,628,1.00
309,628,1.00
310,628,1.00
311,628,1.00
312,628,1.00
306,629,1.00
307,629,1.00
308,629,1.00
309,629,1.00
310,629,1.00
311,629,1.00
312,629,1.00
306,630,0.30
307,630,0.60
308,630,0.90
309,630,1.00
310,630,1.00
311,630,1.00
312,630,1.00
313,624,0.30
313,625,0.90
313,626,1.00
313,627,1.00
313,628,1.00
313,629,1.00
313,630,1.00
314,625,0.60
314,626,1.00
314,627,1.00
314,628,1.00
314,629,1.00
314,630,1.00
308,631,0.30
309,631,0.60
310,631,0.90
311,631,1.00
312,631,1.00
313,631,1.00
314,631,1.00
315,625,0.30
315,626,1.00
315,627,1.00
315,628,1.00
315,629,1.00
315,630,1.00
315,631,1.00
316,626,1.00
316,627,1.00
316,628,1.00
316,629,1.00
316,630,1.00
316,631,1.00
310,632,0.30
311,632,0.60
312,632,0.90
313,632,1.00
314,632,1.00
315,632,1.00
316,632,1.00
317,626,1.00
317,627,1.00
317,628,1.00
317,629,1.00
317,630,1.00
317,631,1.00
317,632,1.00
318,626,1.00
318,627,1.00
318,628,1.00
318,629,1.00
318,630,1.00
318,631,1.00
318,632,1.00
319,626,0.90
319,627,1.00
319,628,1.00
319,629,1.00
319,630,1.00
319,631,1.00
319,632,1.00
320,626,0.60
320,627,1.00
320,628,1.00
320,629,1.00
320,630,1.00
320,631,1.00
320,632,1.00
321,626,0.30
322,626,0.30
321,627,0.98
322,627,0.90
321,628,1.00
322,628,1.00
321,629,1.00
322,629,1.00
321,630,1.00
322,630,1.00
321,631,1.00
322,631,1.00
321,632,1.00
322,632,1.00
323,627,0.60
324,627,0.60
323,628,1.00
324,628,1.00
323,629,1.00
324,629,1.00
323,630,1.00
324,630,1.00
323,631,1.00
324,631,1.00
323,632,1.00
324,632,1.00
318,633,0.30
319,633,0.30
320,633,0.30
321,633,0.60
322,633,0.90
323,633,0.98
324,633,1.00
325,627,0.30
326,627,0.30
327,627,0.30
325,628,1.00
326,628,1.00
327,628,1.00
325,629,1.00
326,629,1.00
327,629,1.00
325,630,1.00
326,630,1.00
327,630,1.00
325,631,1.00
326,631,1.00
327,631,1.00
325,632,1.00
326,632,1.00
327,632,1.00
325,633,1.00
326,633,1.00
327,633,1.00
328,628,1.00
328,629,1.00
328,630,1.00
328,631,1.00
328,632,1.00
328,633,1.00
322,634,0.30
323,634,0.30
324,634,0.60
325,634,0.60
326,634,0.90
327,634,0.90
328,634,1.00
329,628,0.90
330,628,0.90
329,629,1.00
330,629,1.00
329,630,1.00
330,630,1.00
329,631,1.00
330,631,1.00
329,632,1.00
330,632,1.00
329,633,1.00
330,633,1.00
329,634,0.90
330,634,0.90
331,628,0.60
332,628,0.60
331,629,1.00
332,629,1.00
331,630,1.00
332,630,1.00
331,631,1.00
332,631,1.00
331,632,1.00
332,632,1.00
331,633,1.00
332,633,1.00
331,634,0.90
332,634,0.98
333,628,0.30
334,628,0.30
333,629,0.98
334,629,0.90
333,630,1.00
334,630,1.00
333,631,1.00
334,631,1.00
333,632,1.00
334,632,1.00
333,633,1.00
334,633,1.00
333,634,1.00
334,634,1.00
335,629,0.60
336,629,0.60
337,629,0.60
335,630,1.00
336,630,1.00
337,630,1.00
335,631,1.00
336,631,1.00
337,631,1.00
335,632,1.00
336,632,1.00
337,632,1.00
335,633,1.00
336,633,1.00
337,633,1.00
335,634,1.00
336,634,1.00
337,634,1.00
331,635,0.30
332,635,0.30
333,635,0.60
334,635,0.60
335,635,0.60
336,635,0.90
337,635,0.98
338,629,0.30
339,629,0.30
338,630,0.68
339,630,0.60
338,631,1.00
339,631,1.00
338,632,1.00
339,632,1.00
338,633,1.00
339,633,1.00
338,634,1.00
339,634,1.00
338,635,1.00
339,635,1.00
340,630,0.30
341,630,0.30
342,630,0.30
340,631,0.96
341,631,0.68
342,631,0.60
340,632,1.00
341,632,1.00
342,632,1.00
340,633,1.00
341,633,1.00
342,633,1.00
340,634,1.00
341,634,1.00
342,634,1.00
340,635,1.00
341,635,1.00
342,635,1.00
336,636,0.30
337,636,0.30
338,636,0.60
339,636,0.68
340,636,1.00
341,636,1.00
342,636,1.00
343,631,0.30
344,631,0.30
343,632,0.68
344,632,0.60
343,633,1.00
344,633,1.00
343,634,1.00
344,634,1.00
343,635,1.00
344,635,1.00
343,636,1.00
344,636,1.00
338,637,0.30
339,637,0.30
340,637,0.60
341,637,0.68
342,637,1.00
343,637,1.00
344,637,1.00
345,632,0.30
346,632,0.30
345,633,0.98
346,633,0.90
345,634,1.00
346,634,1.00
345,635,1.00
346,635,1.00
345,636,1.00
346,636,1.00
345,637,1.00
346,637,1.00
340,638,0.30
341,638,0.30
342,638,0.60
343,638,0.68
344,638,1.00
345,638,1.00
346,638,1.00
347,633,0.60
348,633,0.60
347,634,1.00
348,634,1.00
347,635,1.00
348,635,1.00
347,636,1.00
348,636,1.00
347,637,1.00
348,637,1.00
347,638,1.00
348,638,1.00
342,639,0.30
343,639,0.30
344,639,0.60
345,639,0.60
346,639,0.90
347,639,0.98
348,639,1.00
349,633,0.30
350,633,0.30
349,634,0.68
350,634,0.60
349,635,1.00
350,635,1.00
349,636,1.00
350,636,1.00
349,637,1.00
350,637,1.00
349,638,1.00
350,638,1.00
349,639,1.00
350,639,1.00
351,634,0.30
352,634,0.30
351,635,0.68
352,635,0.60
351,636,1.00
352,636,0.96
351,637,1.00
352,637,1.00
351,638,1.00
352,638,1.00
351,639,1.00
352,639,1.00
346,640,0.30
347,640,0.30
348,640,0.60
349,640,0.68
350,640,1.00
351,640,1.00
352,640,1.00
353,635,0.30
354,635,0.30
353,636,0.38
354,636,0.30
353,637,0.96
354,637,0.60
353,638,1.00
354,638,0.96
353,639,1.00
354,639,1.00
353,640,1.00
354,640,1.00
348,641,0.30
349,641,0.30
350,641,0.60
351,641,0.96
352,641,1.00
353,641,1.00
354,641,1.00
355,637,0.30
356,637,0.30
355,638,0.38
356,638,0.30
355,639,0.96
356,639,0.60
355,640,1.00
356,640,1.00
355,641,1.00
356,641,1.00
350,642,0.30
351,642,0.38
352,642,0.66
353,642,1.00
354,642,1.00
355,642,1.00
356,642,1.00
350,643,0.30
351,643,0.30
352,643,0.30
353,643,0.60
354,643,0.96
355,643,1.00
356,643,1.00
357,639,0.30
358,639,0.30
359,639,0.30
357,640,0.66
358,640,0.38
359,640,0.30
357,641,1.00
358,641,0.96
359,641,0.60
357,642,1.00
358,642,1.00
359,642,1.00
357,643,1.00
358,643,1.00
359,643,1.00
353,644,0.30
354,644,0.38
355,644,0.66
356,644,1.00
357,644,1.00
358,644,1.00
359,644,1.00
353,645,0.30
354,645,0.30
355,645,0.30
356,645,0.60
357,645,1.00
358,645,1.00
359,645,1.00
360,641,0.30
361,641,0.30
362,641,0.30
360,642,0.66
361,642,0.38
362,642,0.30
360,643,1.00
361,643,0.96
362,643,0.60
360,644,1.00
361,644,1.00
362,644,0.68
360,645,1.00
361,645,1.00
362,645,1.00
356,646,0.30
357,646,0.68
358,646,1.00
359,646,1.00
360,646,1.00
361,646,1.00
362,646,1.00
356,647,0.30
357,647,0.60
358,647,0.96
359,647,1.00
360,647,1.00
361,647,1.00
362,647,1.00
363,643,0.30
363,644,0.30
363,645,0.60
363,646,1.00
363,647,1.00
357,648,0.30
358,648,0.38
359,648,0.66
360,648,1.00
361,648,1.00
362,648,1.00
363,648,1.00
357,649,0.30
358,649,0.30
359,649,0.30
360,649,0.60
361,649,1.00
362,649,1.00
363,649,1.00
364,645,0.30
365,645,0.30
366,645,0.30
364,646,0.66
365,646,0.38
366,646,0.30
364,647,1.00
365,647,0.96
366,647,0.60
364,648,1.00
365,648,1.00
366,648,0.68
364,649,1.00
365,649,1.00
366,649,1.00
360,650,0.30
361,650,0.68
362,650,1.00
363,650,1.00
364,650,1.00
365,650,1.00
366,650,1.00
360,651,0.30
361,651,0.60
362,651,1.00
363,651,1.00
364,651,1.00
365,651,1.00
366,651,1.00
367,647,0.30
367,648,0.30
367,649,0.60
367,650,0.68
367,651,1.00
361,652,0.30
362,652,0.68
363,652,1.00
364,652,1.00
365,652,1.00
366,652,1.00
367,652,1.00
361,653,0.30
362,653,0.60
363,653,0.96
364,653,1.00
365,653,1.00
366,653,1.00
367,653,1.00
368,649,0.30
368,650,0.30
368,651,0.60
368,652,0.96
368,653,1.00
362,654,0.30
363,654,0.38
364,654,1.00
365,654,1.00
366,654,1.00
367,654,1.00
368,654,1.00
362,655,0.30
363,655,0.30
364,655,1.00
365,655,1.00
366,655,1.00
367,655,1.00
368,655,1.00
369,651,0.30
370,651,0.30
369,652,0.38
370,652,0.30
369,653,0.96
370,653,0.60
369,654,1.00
370,654,0.90
369,655,1.00
370,655,0.90
364,656,1.00
365,656,1.00
366,656,1.00
367,656,1.00
368,656,1.00
369,656,1.00
370,656,1.00
364,657,1.00
365,657,1.00
366,657,1.00
367,657,1.00
368,657,1.00
369,657,1.00
370,657,1.00
364,658,1.00
365,658,1.00
366,658,1.00
367,658,1.00
368,658,1.00
369,658,1.00
370,658,1.00
364,659,1.00
365,659,1.00
366,659,1.00
367,659,1.00
368,659,1.00
369,659,1.00
370,659,1.00
364,660,1.00
365,660,1.00
366,660,1.00
367,660,1.00
368,660,1.00
369,660,1.00
370,660,1.00
364,661,1.00
365,661,1.00
366,661,1.00
367,661,1.00
368,661,1.00
369,661,1.00
370,661,1.00
364,662,1.00
365,662,1.00
366,662,1.00
367,662,1.00
368,662,1.00
369,662,1.00
370,662,1.00
364,663,1.00
365,663,1.00
366,663,1.00
367,663,1.00
368,663,1.00
369,663,1.00
370,663,1.00
364,664,1.00
365,664,1.00
366,664,1.00
367,664,1.00
368,664,1.00
369,664,1.00
370,664,1.00
364,665,1.00
365,665,1.00
366,665,1.00
367,665,1.00
368,665,1.00
369,665,1.00
370,665,0.90
364,666,1.00
365,666,1.00
366,666,1.00
367,666,1.00
368,666,1.00
369,666,1.00
370,666,0.90
364,667,1.00
365,667,1.00
366,667,1.00
367,667,1.00
368,667,1.00
369,667,0.98
370,667,0.60
364,668,1.00
365,668,1.00
366,668,1.00
367,668,1.00
368,668,1.00
369,668,0.60
370,668,0.30
363,664,0.60
363,665,0.68
363,666,1.00
363,667,1.00
363,668,1.00
363,669,1.00
364,669,1.00
365,669,1.00
366,669,1.00
367,669,1.00
368,669,0.98
369,669,0.30
363,670,1.00
364,670,1.00
365,670,1.00
366,670,1.00
367,670,1.00
368,670,0.90
369,670,0.30
362,664,0.30
362,665,0.30
362,666,0.60
362,667,0.90
362,668,1.00
362,669,1.00
362,670,1.00
362,671,1.00
363,671,1.00
364,671,1.00
365,671,1.00
366,671,0.96
367,671,0.38
368,671,0.30
362,672,1.00
363,672,1.00
364,672,1.00
365,672,0.98
366,672,0.60
367,672,0.30
368,672,0.30
360,667,0.30
361,667,0.30
360,668,0.60
361,668,0.68
360,669,0.98
361,669,1.00
360,670,1.00
361,670,1.00
360,671,1.00
361,671,1.00
360,672,1.00
361,672,1.00
360,673,1.00
361,673,1.00
362,673,1.00
363,673,0.96
364,673,0.68
365,673,0.60
366,673,0.30
359,668,0.30
359,669,0.60
359,670,1.00
359,671,1.00
359,672,1.00
359,673,1.00
359,674,1.00
360,674,0.96
361,674,0.68
362,674,0.60
363,674,0.30
364,674,0.30
365,674,0.30
356,669,0.30
357,669,0.30
358,669,0.30
356,670,0.60
357,670,0.68
358,670,0.96
356,671,0.96
357,671,1.00
358,671,1.00
356,672,1.00
357,672,1.00
358,672,1.00
356,673,1.00
357,673,1.00
358,673,1.00
356,674,1.00
357,674,1.00
358,674,0.96
356,675,0.96
357,675,0.68
358,675,0.60
359,675,0.30
360,675,0.30
361,675,0.30
362,675,0.30
352,670,0.60
353,670,0.60
354,670,0.60
355,670,0.60
352,671,1.00
353,671,1.00
354,671,1.00
355,671,1.00
352,672,1.00
353,672,1.00
354,672,1.00
355,672,1.00
352,673,1.00
353,673,1.00
354,673,1.00
355,673,1.00
352,674,1.00
353,674,1.00
354,674,1.00
355,674,1.00
352,675,1.00
353,675,1.00
354,675,1.00
355,675,1.00
352,676,0.60
353,676,0.60
354,676,0.60
355,676,0.60
356,676,0.30
357,676,0.30
358,676,0.30
349,670,0.90
350,670,0.60
351,670,0.60
349,671,1.00
350,671,0.76
351,671,0.96
349,672,1.00
350,672,1.00
351,672,1.00
349,673,1.00
350,673,1.00
351,673,1.00
349,674,1.00
350,674,1.00
351,674,1.00
349,675,1.00
350,675,0.76
351,675,0.96
349,676,0.90
350,676,0.60
351,676,0.60
345,670,0.98
346,670,0.90
347,670,0.60
348,670,0.60
345,671,1.00
346,671,1.00
347,671,1.00
348,671,1.00
345,672,1.00
346,672,1.00
347,672,1.00
348,672,1.00
345,673,1.00
346,673,1.00
347,673,1.00
348,673,1.00
345,674,1.00
346,674,1.00
347,674,1.00
348,674,1.00
345,675,1.00
346,675,1.00
347,675,1.00
348,675,1.00
345,676,0.60
346,676,0.60
347,676,0.60
348,676,0.60
343,670,1.00
344,670,1.00
343,671,1.00
344,671,1.00
343,672,1.00
344,672,1.00
343,673,1.00
344,673,1.00
343,674,1.00
344,674,1.00
343,675,0.60
344,675,0.68
343,676,0.30
344,676,0.30
340,669,1.00
341,669,1.00
342,669,0.96
343,669,0.68
344,669,0.60
345,669,0.30
346,669,0.30
340,670,1.00
341,670,1.00
342,670,1.00
340,671,1.00
341,671,1.00
342,671,1.00
340,672,1.00
341,672,1.00
342,672,1.00
340,673,1.00
341,673,1.00
342,673,1.00
340,674,0.90
341,674,0.98
342,674,0.96
340,675,0.30
341,675,0.30
342,675,0.30
338,668,0.98
339,668,0.90
340,668,0.60
341,668,0.60
342,668,0.30
343,668,0.30
344,668,0.30
338,669,1.00
339,669,1.00
338,670,1.00
339,670,1.00
338,671,1.00
339,671,1.00
338,672,1.00
339,672,1.00
338,673,1.00
339,673,1.00
338,674,0.60
339,674,0.60
335,668,1.00
336,668,1.00
337,668,0.96
335,669,1.00
336,669,1.00
337,669,1.00
335,670,1.00
336,670,1.00
337,670,1.00
335,671,1.00
336,671,1.00
337,671,1.00
335,672,1.00
336,672,1.00
337,672,1.00
335,673,0.90
336,673,0.98
337,673,0.96
335,674,0.30
336,674,0.30
337,674,0.30
333,667,0.90
334,667,0.60
335,667,0.60
336,667,0.60
337,667,0.30
338,667,0.30
339,667,0.30
333,668,1.00
334,668,1.00
333,669,1.00
334,669,1.00
333,670,1.00
334,670,1.00
333,671,1.00
334,671,1.00
333,672,1.00
334,672,1.00
333,673,0.60
334,673,0.60
330,667,1.00
331,667,1.00
332,667,0.98
330,668,1.00
331,668,1.00
332,668,1.00
330,669,1.00
331,669,1.00
332,669,1.00
330,670,1.00
331,670,1.00
332,670,1.00
330,671,1.00
331,671,1.00
332,671,1.00
330,672,0.60
331,672,0.68
332,672,0.96
330,673,0.30
331,673,0.30
332,673,0.30
327,666,1.00
328,666,1.00
329,666,1.00
330,666,1.00
331,666,0.68
332,666,0.60
333,666,0.30
327,667,1.00
328,667,1.00
329,667,1.00
327,668,1.00
328,668,1.00
329,668,1.00
327,669,1.00
328,669,1.00
329,669,1.00
327,670,1.00
328,670,1.00
329,670,1.00
327,671,0.60
328,671,0.68
329,671,0.96
327,672,0.30
328,672,0.30
329,672,0.30
326,665,1.00
327,665,1.00
328,665,1.00
329,665,0.98
330,665,0.60
331,665,0.30
332,665,0.30
326,666,1.00
326,667,1.00
326,668,1.00
326,669,1.00
326,670,1.00
326,671,0.30
324,664,1.00
325,664,1.00
326,664,1.00
327,664,1.00
328,664,1.00
329,664,0.60
330,664,0.30
324,665,1.00
325,665,1.00
324,666,1.00
325,666,1.00
324,667,1.00
325,667,1.00
324,668,1.00
325,668,1.00
324,669,1.00
325,669,1.00
324,670,1.00
325,670,1.00
323,664,1.00
323,665,1.00
323,666,1.00
323,667,1.00
323,668,1.00
323,669,1.00
323,670,1.00
322,664,0.90
322,665,0.98
322,666,1.00
322,667,1.00
322,668,1.00
322,669,0.98
322,670,0.90
321,664,0.30
321,665,0.30
321,666,0.30
321,667,0.30
321,668,0.30
321,669,0.30
321,670,0.30

405,581,1.00
406,581,1.00
407,581,1.00
408,581,1.00
409,581,1.00
410,581,1.00
411,581,0.90
405,582,1.00
406,582,1.00
407,582,1.00
408,582,1.00
409,582,1.00
410,582,1.00
411,582,0.90
405,583,1.00
406,583,1.00
407,583,1.00
408,583,1.00
409,583,1.00
410,583,1.00
411,583,0.90
405,584,1.00
406,584,1.00
407,584,1.00
408,584,1.00
409,584,1.00
410,584,1.00
411,584,0.90
405,585,1.00
406,585,1.00
407,585,1.00
408,585,1.00
409,585,1.00
410,585,1.00
411,585,0.90
405,586,1.00
406,586,1.00
407,586,1.00
408,586,1.00
409,586,1.00
410,586,1.00
411,586,0.90
405,587,1.00
406,587,1.00
407,587,1.00
408,587,1.00
409,587,1.00
410,587,1.00
411,587,0.90
404,581,1.00
404,582,1.00
404,583,1.00
404,584,1.00
404,585,1.00
404,586,1.00
404,587,1.00
403,581,0.90
403,582,1.00
403,583,1.00
403,584,1.00
403,585,1.00
403,586,1.00
403,587,0.90
401,581,0.90
402,581,0.60
401,582,1.00
402,582,1.00
401,583,1.00
402,583,1.00
401,584,1.00
402,584,1.00
401,585,1.00
402,585,1.00
401,586,1.00
402,586,1.00
401,587,0.90
402,587,0.60
398,581,0.60
399,581,0.60
400,581,0.60
398,582,1.00
399,582,1.00
400,582,1.00
398,583,1.00
399,583,1.00
400,583,1.00
398,584,1.00
399,584,1.00
400,584,1.00
398,585,1.00
399,585,1.00
400,585,1.00
398,586,1.00
399,586,1.00
400,586,1.00
398,587,0.60
399,587,0.60
400,587,0.60
395,581,0.60
396,581,0.60
397,581,0.60
395,582,0.96
396,582,0.76
397,582,0.96
395,583,1.00
396,583,1.00
397,583,1.00
395,584,1.00
396,584,1.00
397,584,1.00
395,585,1.00
396,585,1.00
397,585,1.00
395,586,0.96
396,586,0.76
397,586,0.96
395,587,0.60
396,587,0.60
397,587,0.60
391,581,0.30
392,581,0.30
393,581,0.30
394,581,0.30
391,582,0.90
392,582,0.98
393,582,0.96
394,582,1.00
391,583,1.00
392,583,1.00
393,583,1.00
394,583,1.00
391,584,1.00
392,584,1.00
393,584,1.00
394,584,1.00
391,585,1.00
392,585,1.00
393,585,1.00
394,585,1.00
391,586,1.00
392,586,1.00
393,586,1.00
394,586,1.00
391,587,1.00
392,587,1.00
393,587,0.98
394,587,0.60
388,582,0.90
389,582,0.90
390,582,0.60
388,583,1.00
389,583,1.00
390,583,1.00
388,584,1.00
389,584,1.00
390,584,1.00
388,585,1.00
389,585,1.00
390,585,1.00
388,586,1.00
389,586,1.00
390,586,1.00
388,587,1.00
389,587,1.00
390,587,1.00
388,588,1.00
389,588,1.00
390,588,1.00
391,588,1.00
392,588,1.00
393,588,1.00
394,588,1.00
386,582,0.60
387,582,0.60
386,583,1.00
387,583,1.00
386,584,1.00
387,584,1.00
386,585,1.00
387,585,1.00
386,586,1.00
387,586,1.00
386,587,1.00
387,587,1.00
386,588,1.00
387,588,1.00
383,582,0.30
384,582,0.30
385,582,0.30
383,583,0.60
384,583,0.68
385,583,0.96
383,584,1.00
384,584,1.00
385,584,1.00
383,585,1.00
384,585,1.00
385,585,1.00
383,586,1.00
384,586,1.00
385,586,1.00
383,587,1.00
384,587,1.00
385,587,1.00
383,588,1.00
384,588,1.00
385,588,1.00
381,583,0.30
382,583,0.30
381,584,1.00
382,584,1.00
381,585,1.00
382,585,1.00
381,586,1.00
382,586,1.00
381,587,1.00
382,587,1.00
381,588,1.00
382,588,1.00
381,589,1.00
382,589,1.00
383,589,1.00
384,589,1.00
385,589,1.00
386,589,1.00
387,589,1.00
379,584,0.60
380,584,0.90
379,585,1.00
380,585,1.00
379,586,1.00
380,586,1.00
379,587,1.00
380,587,1.00
379,588,1.00
380,588,1.00
379,589,1.00
380,589,1.00
379,590,1.00
380,590,1.00
381,590,1.00
382,590,1.00
383,590,1.00
384,590,1.00
385,590,1.00
377,585,0.60
378,585,0.90
377,586,1.00
378,586,1.00
377,587,1.00
378,587,1.00
377,588,1.00
378,588,1.00
377,589,1.00
378,589,1.00
377,590,1.00
378,590,1.00
377,591,1.00
378,591,1.00
379,591,1.00
380,591,1.00
381,591,0.90
382,591,0.30
383,591,0.30
375,586,1.00
376,586,1.00
375,587,1.00
376,587,1.00
375,588,1.00
376,588,1.00
375,589,1.00
376,589,1.00
375,590,1.00
376,590,1.00
375,591,1.00
376,591,1.00
375,592,1.00
376,592,1.00
377,592,1.00
378,592,1.00
379,592,1.00
380,592,0.60
381,592,0.30
374,586,1.00
374,587,1.00
374,588,1.00
374,589,1.00
374,590,1.00
374,591,1.00
374,592,1.00
373,586,1.00
373,587,1.00
373,588,1.00
373,589,1.00
373,590,1.00
373,591,1.00
373,592,1.00
372,586,1.00
372,587,1.00
372,588,1.00
372,589,1.00
372,590,1.00
372,591,1.00
372,592,1.00
371,586,0.60
371,587,1.00
371,588,1.00
371,589,1.00
371,590,1.00
371,591,1.00
371,592,1.00
371,593,1.00
372,593,1.00
373,593,1.00
374,593,1.00
375,593,1.00
376,593,0.60
377,593,0.30
370,587,0.30
370,588,0.90
370,589,1.00
370,590,1.00
370,591,1.00
370,592,1.00
370,593,1.00
369,588,0.60
369,589,1.00
369,590,1.00
369,591,1.00
369,592,1.00
369,593,1.00
369,594,1.00
370,594,1.00
371,594,1.00
372,594,1.00
373,594,1.00
374,594,1.00
375,594,0.90
369,595,1.00
370,595,1.00
371,595,1.00
372,595,1.00
373,595,1.00
374,595,0.60
375,595,0.30
368,590,1.00
368,591,1.00
368,592,1.00
368,593,1.00
368,594,1.00
368,595,1.00
368,596,1.00
369,596,1.00
370,596,1.00
371,596,1.00
372,596,1.00
373,596,1.00
374,596,0.30
367,590,1.00
367,591,1.00
367,592,1.00
367,593,1.00
367,594,1.00
367,595,1.00
367,596,1.00
367,589,0.30
368,589,0.30
375,585,0.30
376,585,0.30
378,584,0.30
386,590,1.00
388,589,1.00
387,590,1.00
388,590,1.00
389,589,1.00
389,590,1.00
390,589,1.00
390,590,1.00
391,589,1.00
391,590,1.00
385,591,0.60
386,591,1.00
387,591,1.00
388,591,1.00
389,591,1.00
390,591,1.00
391,591,1.00
392,589,1.00
392,590,1.00
392,591,1.00
386,592,0.60
387,592,0.90
388,592,1.00
389,592,1.00
390,592,1.00
391,592,1.00
392,592,1.00
393,589,1.00
393,590,1.00
393,591,1.00
393,592,1.00
387,593,0.30
388,593,0.90
389,593,1.00
390,593,1.00
391,593,1.00
392,593,1.00
393,593,1.00
394,589,1.00
394,590,1.00
394,591,1.00
394,592,1.00
394,593,1.00
388,594,0.60
389,594,1.00
390,594,1.00
391,594,1.00
392,594,1.00
393,594,1.00
394,594,1.00
395,588,0.30
395,589,0.60
395,590,0.90
395,591,1.00
395,592,1.00
395,593,1.00
395,594,1.00
389,595,0.30
390,595,0.90
391,595,1.00
392,595,1.00
393,595,1.00
394,595,1.00
395,595,1.00
396,590,0.30
396,591,0.60
396,592,0.60
396,593,0.90
396,594,1.00
396,595,1.00
390,596,0.60
391,596,1.00
392,596,1.00
393,596,1.00
394,596,1.00
395,596,1.00
396,596,1.00
390,597,0.30
391,597,1.00
392,597,1.00
393,597,1.00
394,597,1.00
395,597,1.00
396,597,1.00
397,593,0.30
397,594,0.60
397,595,0.90
397,596,1.00
397,597,1.00
391,598,1.00
392,598,1.00
393,598,1.00
394,598,1.00
395,598,1.00
396,598,1.00
397,598,1.00
391,599,1.00
392,599,1.00
393,599,1.00
394,599,1.00
395,599,1.00
396,599,1.00
397,599,1.00
391,600,0.90
392,600,1.00
393,600,1.00
394,600,1.00
395,600,1.00
396,600,1.00
397,600,1.00
391,601,0.60
392,601,1.00
393,601,1.00
394,601,1.00
395,601,1.00
396,601,1.00
397,601,1.00
391,602,0.30
392,602,1.00
393,602,1.00
394,602,1.00
395,602,1.00
396,602,1.00
397,602,1.00
398,597,0.30
398,598,0.30
398,599,0.60
398,600,0.90
398,601,0.90
398,602,1.00
392,603,0.90
393,603,1.00
394,603,1.00
395,603,1.00
396,603,1.00
397,603,1.00
398,603,1.00
392,604,0.60
393,604,1.00
394,604,1.00
395,604,1.00
396,604,1.00
397,604,1.00
398,604,1.00
392,605,0.60
393,605,1.00
394,605,1.00
395,605,1.00
396,605,1.00
397,605,1.00
398,605,1.00
392,606,0.30
393,606,0.90
394,606,1.00
395,606,1.00
396,606,1.00
397,606,1.00
398,606,1.00
399,602,0.30
399,603,0.30
399,604,0.30
399,605,0.60
399,606,0.60
393,607,0.60
394,607,1.00
395,607,1.00
396,607,1.00
397,607,1.00
398,607,1.00
399,607,0.60
393,608,0.60
394,608,1.00
395,608,1.00
396,608,1.00
397,608,1.00
398,608,1.00
399,608,0.90
393,609,0.30
394,609,0.96
395,609,1.00
396,609,1.00
397,609,1.00
398,609,1.00
399,609,0.68
393,610,0.30
394,610,0.68
395,610,1.00
396,610,1.00
397,610,1.00
398,610,1.00
399,610,0.96
393,611,0.30
394,611,0.60
395,611,1.00
396,611,1.00
397,611,1.00
398,611,1.00
399,611,1.00
400,608,0.30
400,609,0.30
400,610,0.30
400,611,0.30
394,612,0.30
395,612,0.96
396,612,1.00
397,612,1.00
398,612,1.00
399,612,0.96
400,612,0.60
394,613,0.30
395,613,0.68
396,613,1.00
397,613,1.00
398,613,1.00
399,613,1.00
400,613,0.68
394,614,0.30
395,614,0.60
396,614,0.96
397,614,1.00
398,614,1.00
399,614,1.00
400,614,0.96
401,612,0.30
401,613,0.30
401,614,0.30
395,615,0.30
396,615,0.77
397,615,1.00
398,615,1.00
399,615,1.00
400,615,0.77
401,615,0.30
395,616,0.30
396,616,0.66
397,616,1.00
398,616,1.00
399,616,1.00
400,616,0.66
401,616,0.30
395,617,0.30
396,617,0.38
397,617,0.96
398,617,1.00
399,617,0.96
400,617,0.68
401,617,0.60
395,618,0.30
396,618,0.30
397,618,0.60
398,618,0.68
399,618,0.96
400,618,1.00
401,618,0.96
402,617,0.30
403,617,0.30
402,618,0.38
403,618,0.30
397,619,0.30
398,619,0.66
399,619,1.00
400,619,1.00
401,619,1.00
402,619,0.66
403,619,0.30
397,620,0.60
398,620,1.00
399,620,1.00
400,620,1.00
401,620,1.00
402,620,1.00
403,620,0.60
397,621,0.60
398,621,1.00
399,621,1.00
400,621,1.00
401,621,1.00
402,621,1.00
403,621,0.60
397,622,0.60
398,622,1.00
399,622,1.00
400,622,1.00
401,622,1.00
402,622,1.00
403,622,0.60
397,623,0.60
398,623,1.00
399,623,1.00
400,623,1.00
401,623,1.00
402,623,1.00
403,623,0.90
397,624,0.30
398,624,0.96
399,624,1.00
400,624,1.00
401,624,1.00
402,624,1.00
403,624,0.68
397,625,0.30
398,625,0.68
399,625,1.00
400,625,1.00
401,625,1.00
402,625,1.00
403,625,0.96
397,626,0.30
398,626,0.90
399,626,1.00
400,626,1.00
401,626,1.00
402,626,1.00
403,626,1.00
404,623,0.30
404,624,0.30
404,625,0.30
404,626,0.60
398,627,0.60
399,627,1.00
400,627,1.00
401,627,1.00
402,627,1.00
403,627,1.00
404,627,0.60
398,628,0.60
399,628,1.00
400,628,1.00
401,628,1.00
402,628,1.00
403,628,1.00
404,628,0.90
398,629,0.60
399,629,1.00
400,629,1.00
401,629,1.00
402,629,1.00
403,629,1.00
404,629,1.00
398,630,0.30
399,630,1.00
400,630,1.00
401,630,1.00
402,630,1.00
403,630,1.00
404,630,1.00
398,631,0.30
399,631,1.00
400,631,1.00
401,631,1.00
402,631,1.00
403,631,1.00
404,631,1.00
398,632,0.30
399,632,1.00
400,632,1.00
401,632,1.00
402,632,1.00
403,632,1.00
404,632,1.00
405,628,0.30
405,629,0.60
405,630,0.90
405,631,1.00
405,632,1.00
399,633,1.00
400,633,1.00
401,633,1.00
402,633,1.00
403,633,1.00
404,633,1.00
405,633,1.00
399,634,1.00
400,634,1.00
401,634,1.00
402,634,1.00
403,634,1.00
404,634,1.00
405,634,1.00
399,635,0.90
400,635,1.00
401,635,1.00
402,635,1.00
403,635,1.00
404,635,1.00
405,635,1.00
399,636,0.60
400,636,1.00
401,636,1.00
402,636,1.00
403,636,1.00
404,636,1.00
405,636,1.00
399,637,0.30
400,637,1.00
401,637,1.00
402,637,1.00
403,637,1.00
404,637,1.00
405,637,1.00
406,632,0.30
406,633,0.30
406,634,0.60
406,635,0.90
406,636,0.90
406,637,1.00
400,638,0.90
401,638,1.00
402,638,1.00
403,638,1.00
404,638,1.00
405,638,1.00
406,638,1.00
400,639,0.60
401,639,1.00
402,639,1.00
403,639,1.00
404,639,1.00
405,639,1.00
406,639,1.00
400,640,0.60
401,640,1.00
402,640,1.00
403,640,1.00
404,640,1.00
405,640,1.00
406,640,1.00
400,641,0.30
401,641,0.90
402,641,1.00
403,641,1.00
404,641,1.00
405,641,1.00
406,641,1.00
407,637,0.30
407,638,0.60
407,639,0.60
407,640,0.90
407,641,1.00
401,642,0.60
402,642,1.00
403,642,1.00
404,642,1.00
405,642,1.00
406,642,1.00
407,642,1.00
401,643,0.60
402,643,1.00
403,643,1.00
404,643,1.00
405,643,1.00
406,643,1.00
407,643,1.00
401,644,0.30
402,644,0.90
403,644,1.00
404,644,1.00
405,644,1.00
406,644,1.00
407,644,1.00
408,640,0.30
408,641,0.60
408,642,0.90
408,643,1.00
408,644,1.00
402,645,0.60
403,645,1.00
404,645,1.00
405,645,1.00
406,645,1.00
407,645,1.00
408,645,1.00
402,646,0.60
403,646,1.00
404,646,1.00
405,646,1.00
406,646,1.00
407,646,1.00
408,646,1.00
402,647,0.30
403,647,1.00
404,647,1.00
405,647,1.00
406,647,1.00
407,647,1.00
408,647,1.00
409,642,0.30
409,643,0.60
409,644,0.60
409,645,0.90
409,646,0.90
409,647,1.00
403,648,0.90
404,648,1.00
405,648,1.00
406,648,1.00
407,648,1.00
408,648,1.00
409,648,1.00
403,649,0.60
404,649,1.00
405,649,1.00
406,649,1.00
407,649,1.00
408,649,1.00
409,649,1.00
403,650,0.30
404,650,0.98
405,650,1.00
406,650,1.00
407,650,1.00
408,650,1.00
409,650,1.00
403,651,0.30
404,651,0.90
405,651,1.00
406,651,1.00
407,651,1.00
408,651,1.00
409,651,1.00
410,647,0.30
410,648,0.30
410,649,0.60
410,650,0.60
410,651,0.90
404,652,0.60
405,652,1.00
406,652,1.00
407,652,1.00
408,652,1.00
409,652,1.00
410,652,0.98
404,653,0.60
405,653,1.00
406,653,1.00
407,653,1.00
408,653,1.00
409,653,1.00
410,653,1.00
404,654,0.30
405,654,0.68
406,654,1.00
407,654,1.00
408,654,1.00
409,654,1.00
410,654,1.00
404,655,0.30
405,655,0.60
406,655,1.00
407,655,1.00
408,655,1.00
409,655,1.00
410,655,1.00
411,651,0.30
411,652,0.30
411,653,0.60
411,654,1.00
411,655,1.00
405,656,0.30
406,656,1.00
407,656,1.00
408,656,1.00
409,656,1.00
410,656,1.00
411,656,1.00
405,657,0.30
406,657,1.00
407,657,1.00
408,657,1.00
409,657,1.00
410,657,1.00
411,657,1.00
412,653,0.30
412,654,1.00
412,655,1.00
412,656,1.00
412,657,1.00
406,658,1.00
407,658,1.00
408,658,1.00
409,658,1.00
410,658,1.00
411,658,1.00
412,658,1.00
406,659,1.00
407,659,1.00
408,659,1.00
409,659,1.00
410,659,1.00
411,659,1.00
412,659,1.00
406,660,1.00
407,660,1.00
408,660,1.00
409,660,1.00
410,660,1.00
411,660,1.00
412,660,1.00
413,654,1.00
413,655,1.00
413,656,1.00
413,657,1.00
413,658,1.00
413,659,1.00
413,660,1.00
414,655,1.00
414,656,1.00
414,657,1.00
414,658,1.00
414,659,1.00
414,660,1.00
408,661,1.00
409,661,1.00
410,661,1.00
411,661,1.00
412,661,1.00
413,661,1.00
414,661,1.00
415,656,1.00
415,657,1.00
415,658,1.00
415,659,1.00
415,660,1.00
415,661,1.00
409,662,1.00
410,662,1.00
411,662,1.00
412,662,1.00
413,662,1.00
414,662,1.00
415,662,1.00
416,656,1.00
416,657,1.00
416,658,1.00
416,659,1.00
416,660,1.00
416,661,0.60
416,662,0.30
415,655,1.00
416,655,1.00
417,655,1.00
417,656,1.00
417,657,1.00
417,658,1.00
417,659,1.00
417,660,0.90
417,661,0.30
414,654,0.60
415,654,0.90
416,654,1.00
417,654,1.00
418,654,1.00
419,654,1.00
418,655,1.00
419,655,1.00
418,656,1.00
419,656,1.00
418,657,1.00
419,657,1.00
418,658,1.00
419,658,1.00
418,659,1.00
419,659,1.00
418,660,0.60
419,660,0.60
415,653,0.30
416,653,0.90
417,653,1.00
418,653,1.00
419,653,1.00
420,653,1.00
421,653,1.00
420,654,1.00
421,654,1.00
420,655,1.00
421,655,1.00
420,656,1.00
421,656,1.00
420,657,1.00
421,657,1.00
420,658,1.00
421,658,1.00
420,659,0.60
421,659,0.60
416,652,0.30
417,652,1.00
418,652,1.00
419,652,1.00
420,652,1.00
421,652,1.00
422,652,1.00
422,653,1.00
422,654,1.00
422,655,1.00
422,656,1.00
422,657,1.00
422,658,1.00
423,652,1.00
423,653,1.00
423,654,1.00
423,655,1.00
423,656,1.00
423,657,1.00
423,658,1.00
424,652,1.00
424,653,1.00
424,654,1.00
424,655,1.00
424,656,1.00
424,657,1.00
424,658,1.00
425,652,0.30
425,653,0.30
425,654,0.30
425,655,0.30
425,656,0.30
425,657,0.30
425,658,0.30
422,659,0.30
407,661,1.00
407,662,1.00
408,662,0.96
403,658,0.60
404,658,0.60
405,658,0.60
403,659,1.00
404,659,0.76
405,659,0.96
403,660,1.00
404,660,1.00
405,660,1.00
403,661,1.00
404,661,1.00
405,661,1.00
406,661,1.00
403,662,1.00
404,662,1.00
405,662,1.00
406,662,1.00
403,663,1.00
404,663,0.76
405,663,0.96
406,663,0.77
407,663,0.66
408,663,0.38
409,663,0.30
403,664,0.90
404,664,0.60
405,664,0.60
406,664,0.30
407,664,0.30
408,664,0.30
409,664,0.30
399,658,0.30
400,658,0.30
401,658,0.30
402,658,0.30
399,659,1.00
400,659,1.00
401,659,1.00
402,659,1.00
399,660,1.00
400,660,1.00
401,660,1.00
402,660,1.00
399,661,1.00
400,661,1.00
401,661,1.00
402,661,1.00
399,662,1.00
400,662,1.00
401,662,1.00
402,662,1.00
399,663,1.00
400,663,1.00
401,663,1.00
402,663,1.00
399,664,1.00
400,664,1.00
401,664,1.00
402,664,1.00
397,659,1.00
398,659,1.00
397,660,1.00
398,660,1.00
397,661,1.00
398,661,1.00
397,662,1.00
398,662,1.00
397,663,1.00
398,663,1.00
397,664,1.00
398,664,1.00
397,665,1.00
398,665,1.00
399,665,1.00
400,665,1.00
401,665,1.00
402,665,1.00
403,665,0.30
396,659,1.00
396,660,1.00
396,661,1.00
396,662,1.00
396,663,1.00
396,664,1.00
396,665,1.00
395,659,0.30
395,660,0.30
395,661,0.30
395,662,0.30
395,663,0.30
395,664,0.30
395,665,0.30

473,574,1.00
474,574,1.00
475,574,0.90
476,574,0.90
477,574,0.90
478,574,0.60
479,574,0.30
473,575,1.00
474,575,1.00
475,575,1.00
476,575,1.00
477,575,1.00
478,575,0.68
479,575,0.30
473,576,1.00
474,576,1.00
475,576,1.00
476,576,1.00
477,576,1.00
478,576,0.96
479,576,0.30
473,577,1.00
474,577,1.00
475,577,1.00
476,577,1.00
477,577,1.00
478,577,1.00
479,577,0.30
473,578,1.00
474,578,1.00
475,578,1.00
476,578,1.00
477,578,1.00
478,578,0.96
479,578,0.30
473,579,1.00
474,579,1.00
475,579,1.00
476,579,1.00
477,579,1.00
478,579,0.68
479,579,0.30
473,580,1.00
474,580,1.00
475,580,0.90
476,580,0.90
477,580,0.90
478,580,0.60
479,580,0.30
472,574,1.00
472,575,1.00
472,576,1.00
472,577,1.00
472,578,1.00
472,579,1.00
472,580,1.00
471,574,0.90
471,575,1.00
471,576,1.00
471,577,1.00
471,578,1.00
471,579,1.00
471,580,0.90
468,574,1.00
469,574,1.00
470,574,0.90
468,575,1.00
469,575,1.00
470,575,1.00
468,576,1.00
469,576,1.00
470,576,1.00
468,577,1.00
469,577,1.00
470,577,1.00
468,578,1.00
469,578,1.00
470,578,1.00
468,579,1.00
469,579,1.00
470,579,1.00
468,580,0.90
469,580,0.90
470,580,0.90
466,574,1.00
467,574,1.00
466,575,1.00
467,575,1.00
466,576,1.00
467,576,1.00
466,577,1.00
467,577,1.00
466,578,1.00
467,578,1.00
466,579,1.00
467,579,1.00
466,580,1.00
467,580,0.60
464,574,1.00
465,574,1.00
464,575,1.00
465,575,1.00
464,576,1.00
465,576,1.00
464,577,1.00
465,577,1.00
464,578,1.00
465,578,1.00
464,579,1.00
465,579,1.00
464,580,1.00
465,580,1.00
463,573,1.00
464,573,1.00
465,573,1.00
466,573,1.00
467,573,1.00
468,573,1.00
469,573,0.30
463,574,1.00
463,575,1.00
463,576,1.00
463,577,1.00
463,578,1.00
463,579,1.00
462,573,1.00
462,574,1.00
462,575,1.00
462,576,1.00
462,577,1.00
462,578,1.00
462,579,1.00
461,573,0.30
461,574,1.00
461,575,1.00
461,576,1.00
461,577,1.00
461,578,1.00
461,579,1.00
460,574,1.00
460,575,1.00
460,576,1.00
460,577,1.00
460,578,1.00
460,579,1.00
460,580,1.00
461,580,1.00
462,580,1.00
463,580,1.00
459,574,0.60
459,575,1.00
459,576,1.00
459,577,1.00
459,578,1.00
459,579,1.00
459,580,1.00
458,575,0.60
458,576,1.00
458,577,1.00
458,578,1.00
458,579,1.00
458,580,1.00
458,581,1.00
459,581,1.00
460,581,1.00
461,581,1.00
462,581,1.00
463,581,0.60
464,581,0.30
457,575,0.30
457,576,0.90
457,577,1.00
457,578,1.00
457,579,1.00
457,580,1.00
457,581,1.00
456,576,0.60
456,577,0.90
456,578,1.00
456,579,1.00
456,580,1.00
456,581,1.00
456,582,1.00
457,582,1.00
458,582,1.00
459,582,1.00
460,582,1.00
461,582,0.90
462,582,0.60
455,577,0.30
455,578,0.60
455,579,0.98
455,580,1.00
455,581,1.00
455,582,1.00
455,583,1.00
456,583,1.00
457,583,1.00
458,583,1.00
459,583,1.00
460,583,0.60
461,583,0.30
454,578,0.30
454,579,0.60
454,580,0.98
454,581,1.00
454,582,1.00
454,583,1.00
454,584,1.00
455,584,1.00
456,584,1.00
457,584,1.00
458,584,1.00
459,584,0.90
460,584,0.30
453,579,0.30
453,580,0.60
453,581,0.90
453,582,1.00
453,583,1.00
453,584,1.00
453,585,1.00
454,585,1.00
455,585,1.00
456,585,1.00
457,585,1.00
458,585,0.98
459,585,0.60
453,586,1.00
454,586,1.00
455,586,1.00
456,586,1.00
457,586,0.98
458,586,0.60
459,586,0.30
452,581,0.30
452,582,0.60
452,583,0.98
452,584,1.00
452,585,1.00
452,586,1.00
452,587,1.00
453,587,1.00
454,587,1.00
455,587,1.00
456,587,0.98
457,587,0.60
458,587,0.30
451,582,0.30
451,583,0.60
451,584,0.98
451,585,1.00
451,586,1.00
451,587,1.00
451,588,1.00
452,588,1.00
453,588,1.00
454,588,1.00
455,588,0.98
456,588,0.60
457,588,0.30
450,583,0.30
450,584,0.60
450,585,0.98
450,586,1.00
450,587,1.00
450,588,1.00
450,589,1.00
451,589,1.00
452,589,1.00
453,589,1.00
454,589,0.68
455,589,0.60
456,589,0.30
449,584,0.30
449,585,0.60
449,586,1.00
449,587,1.00
449,588,1.00
449,589,1.00
449,590,1.00
450,590,1.00
451,590,1.00
452,590,1.00
453,590,0.60
454,590,0.30
455,590,0.30
447,585,0.30
448,585,0.30
447,586,0.60
448,586,0.68
447,587,0.68
448,587,1.00
447,588,1.00
448,588,1.00
447,589,1.00
448,589,1.00
447,590,1.00
448,590,1.00
447,591,1.00
448,591,1.00
449,591,1.00
450,591,1.00
451,591,1.00
452,591,0.90
453,591,0.30
446,586,0.30
446,587,0.30
446,588,0.90
446,589,0.98
446,590,1.00
446,591,1.00
446,592,1.00
447,592,1.00
448,592,1.00
449,592,1.00
450,592,1.00
451,592,1.00
452,592,0.60
446,593,1.00
447,593,1.00
448,593,1.00
449,593,1.00
450,593,1.00
451,593,0.68
452,593,0.30
446,594,1.00
447,594,1.00
448,594,1.00
449,594,1.00
450,594,1.00
451,594,0.60
452,594,0.30
445,588,0.30
445,589,0.30
445,590,0.60
445,591,0.68
445,592,1.00
445,593,1.00
445,594,1.00
444,590,0.30
444,591,0.30
444,592,0.60
444,593,0.60
444,594,0.60
444,595,0.90
445,595,1.00
446,595,1.00
447,595,1.00
448,595,1.00
449,595,1.00
450,595,0.60
444,596,0.98
445,596,1.00
446,596,1.00
447,596,1.00
448,596,1.00
449,596,1.00
450,596,0.60
444,597,0.96
445,597,1.00
446,597,1.00
447,597,1.00
448,597,1.00
449,597,0.68
450,597,0.30
444,598,1.00
445,598,1.00
446,598,1.00
447,598,1.00
448,598,1.00
449,598,0.60
450,598,0.30
443,595,0.30
443,596,0.30
443,597,0.30
443,598,0.60
443,599,0.68
444,599,1.00
445,599,1.00
446,599,1.00
447,599,1.00
448,599,0.96
449,599,0.30
443,600,1.00
444,600,1.00
445,600,1.00
446,600,1.00
447,600,1.00
448,600,0.68
449,600,0.30
443,601,1.00
444,601,1.00
445,601,1.00
446,601,1.00
447,601,1.00
448,601,0.60
449,601,0.30
442,598,0.30
442,599,0.30
442,600,0.60
442,601,0.68
442,602,0.96
443,602,1.00
444,602,1.00
445,602,1.00
446,602,1.00
447,602,0.96
448,602,0.30
442,603,1.00
443,603,1.00
444,603,1.00
445,603,1.00
446,603,1.00
447,603,0.98
448,603,0.30
442,604,1.00
443,604,1.00
444,604,1.00
445,604,1.00
446,604,1.00
447,604,0.90
448,604,0.30
441,600,0.30
441,601,0.30
441,602,0.30
441,603,0.60
441,604,0.60
441,605,0.60
442,605,1.00
443,605,1.00
444,605,1.00
445,605,1.00
446,605,1.00
447,605,0.60
441,606,0.90
442,606,1.00
443,606,1.00
444,606,1.00
445,606,1.00
446,606,1.00
447,606,0.60
441,607,0.68
442,607,1.00
443,607,1.00
444,607,1.00
445,607,1.00
446,607,0.96
447,607,0.30
441,608,0.96
442,608,1.00
443,608,1.00
444,608,1.00
445,608,1.00
446,608,0.68
447,608,0.30
441,609,1.00
442,609,1.00
443,609,1.00
444,609,1.00
445,609,1.00
446,609,0.60
447,609,0.30
440,606,0.30
440,607,0.30
440,608,0.30
440,609,0.30
440,610,0.60
441,610,0.96
442,610,1.00
443,610,1.00
444,610,1.00
445,610,0.96
446,610,0.60
440,611,0.60
441,611,0.76
442,611,1.00
443,611,1.00
444,611,1.00
445,611,0.76
446,611,0.60
440,612,0.60
441,612,0.96
442,612,1.00
443,612,1.00
444,612,1.00
445,612,0.96
446,612,0.60
440,613,0.60
441,613,1.00
442,613,1.00
443,613,1.00
444,613,1.00
445,613,1.00
446,613,0.60
440,614,0.60
441,614,1.00
442,614,1.00
443,614,1.00
444,614,1.00
445,614,1.00
446,614,0.60
440,615,0.60
441,615,1.00
442,615,1.00
443,615,1.00
444,615,1.00
445,615,1.00
446,615,0.60
440,616,0.90
441,616,1.00
442,616,1.00
443,616,1.00
444,616,1.00
445,616,1.00
446,616,0.90
440,617,0.60
441,617,1.00
442,617,1.00
443,617,1.00
444,617,1.00
445,617,1.00
446,617,0.60
440,618,0.60
441,618,1.00
442,618,1.00
443,618,1.00
444,618,1.00
445,618,1.00
446,618,0.60
440,619,0.60
441,619,1.00
442,619,1.00
443,619,1.00
444,619,1.00
445,619,1.00
446,619,0.90
440,620,0.30
441,620,0.96
442,620,1.00
443,620,1.00
444,620,1.00
445,620,1.00
446,620,0.68
440,621,0.30
441,621,0.68
442,621,1.00
443,621,1.00
444,621,1.00
445,621,1.00
446,621,0.96
440,622,0.30
441,622,0.90
442,622,1.00
443,622,1.00
444,622,1.00
445,622,1.00
446,622,1.00
447,619,0.30
447,620,0.30
447,621,0.30
447,622,0.60
441,623,0.60
442,623,1.00
443,623,1.00
444,623,1.00
445,623,1.00
446,623,1.00
447,623,0.90
441,624,0.60
442,624,1.00
443,624,1.00
444,624,1.00
445,624,1.00
446,624,1.00
447,624,0.98
441,625,0.60
442,625,1.00
443,625,1.00
444,625,1.00
445,625,1.00
446,625,1.00
447,625,1.00
441,626,0.30
442,626,1.00
443,626,1.00
444,626,1.00
445,626,1.00
446,626,1.00
447,626,1.00
441,627,0.30
442,627,0.98
443,627,1.00
444,627,1.00
445,627,1.00
446,627,1.00
447,627,1.00
441,628,0.30
442,628,0.90
443,628,1.00
444,628,1.00
445,628,1.00
446,628,1.00
447,628,1.00
448,623,0.30
448,624,0.30
448,625,0.60
448,626,0.60
448,627,0.90
448,628,0.98
442,629,0.60
443,629,1.00
444,629,1.00
445,629,1.00
446,629,1.00
447,629,1.00
448,629,1.00
442,630,0.30
443,630,0.68
444,630,1.00
445,630,1.00
446,630,1.00
447,630,1.00
448,630,1.00
442,631,0.30
443,631,0.60
444,631,1.00
445,631,1.00
446,631,1.00
447,631,1.00
448,631,1.00
449,627,0.30
449,628,0.30
449,629,0.60
449,630,0.98
449,631,1.00
443,632,0.30
444,632,0.98
445,632,1.00
446,632,1.00
447,632,1.00
448,632,1.00
449,632,1.00
443,633,0.30
444,633,0.90
445,633,1.00
446,633,1.00
447,633,1.00
448,633,1.00
449,633,1.00
450,629,0.30
450,630,0.60
450,631,0.90
450,632,1.00
450,633,1.00
444,634,0.60
445,634,1.00
446,634,1.00
447,634,1.00
448,634,1.00
449,634,1.00
450,634,1.00
444,635,0.60
445,635,0.98
446,635,1.00
447,635,1.00
448,635,1.00
449,635,1.00
450,635,1.00
444,636,0.30
445,636,0.60
446,636,1.00
447,636,1.00
448,636,1.00
449,636,1.00
450,636,1.00
451,631,0.30
451,632,0.60
451,633,0.98
451,634,1.00
451,635,1.00
451,636,1.00
445,637,0.30
446,637,0.90
447,637,1.00
448,637,1.00
449,637,1.00
450,637,1.00
451,637,1.00
452,632,0.30
452,633,0.60
452,634,0.60
452,635,0.90
452,636,0.98
452,637,1.00
446,638,0.60
447,638,0.98
448,638,1.00
449,638,1.00
450,638,1.00
451,638,1.00
452,638,1.00
446,639,0.30
447,639,0.60
448,639,0.96
449,639,1.00
450,639,1.00
451,639,1.00
452,639,1.00
453,635,0.30
453,636,0.30
453,637,0.60
453,638,0.96
453,639,1.00
447,640,0.30
448,640,0.38
449,640,0.96
450,640,1.00
451,640,1.00
452,640,1.00
453,640,1.00
447,641,0.30
448,641,0.30
449,641,0.60
450,641,1.00
451,641,1.00
452,641,1.00
453,641,1.00
454,637,0.30
455,637,0.30
454,638,0.38
455,638,0.30
454,639,0.66
455,639,0.30
454,640,1.00
455,640,0.60
454,641,1.00
455,641,0.98
449,642,0.30
450,642,0.68
451,642,1.00
452,642,1.00
453,642,1.00
454,642,1.00
455,642,1.00
449,643,0.30
450,643,0.60
451,643,1.00
452,643,1.00
453,643,1.00
454,643,1.00
455,643,1.00
456,640,0.30
456,641,0.60
456,642,0.68
456,643,1.00
450,644,0.30
451,644,0.96
452,644,1.00
453,644,1.00
454,644,1.00
455,644,1.00
456,644,1.00
450,645,0.30
451,645,0.68
452,645,1.00
453,645,1.00
454,645,1.00
455,645,1.00
456,645,1.00
450,646,0.30
451,646,0.60
452,646,1.00
453,646,1.00
454,646,1.00
455,646,1.00
456,646,1.00
457,641,0.30
457,642,0.30
457,643,0.60
457,644,0.68
457,645,1.00
457,646,1.00
451,647,0.30
452,647,0.90
453,647,1.00
454,647,1.00
455,647,1.00
456,647,1.00
457,647,1.00
458,643,0.30
458,644,0.30
458,645,0.90
458,646,1.00
458,647,1.00
452,648,0.60
453,648,1.00
454,648,1.00
455,648,1.00
456,648,1.00
457,648,1.00
458,648,1.00
452,649,0.60
453,649,1.00
454,649,1.00
455,649,1.00
456,649,1.00
457,649,1.00
458,649,1.00
452,650,0.30
453,650,0.98
454,650,1.00
455,650,1.00
456,650,1.00
457,650,1.00
458,650,1.00
452,651,0.30
453,651,0.90
454,651,1.00
455,651,1.00
456,651,1.00
457,651,1.00
458,651,1.00
459,645,0.30
459,646,1.00
459,647,1.00
459,648,1.00
459,649,1.00
459,650,1.00
459,651,1.00
453,652,0.30
454,652,0.90
455,652,1.00
456,652,1.00
457,652,1.00
458,652,1.00
459,652,1.00
460,646,0.60
460,647,1.00
460,648,1.00
460,649,1.00
460,650,1.00
460,651,1.00
460,652,1.00
461,647,1.00
461,648,1.00
461,649,1.00
461,650,1.00
461,651,1.00
461,652,1.00
455,653,0.60
456,653,1.00
457,653,1.00
458,653,1.00
459,653,1.00
460,653,1.00
461,653,1.00
462,647,1.00
462,648,1.00
462,649,1.00
462,650,1.00
462,651,1.00
462,652,1.00
462,653,1.00
463,647,0.90
463,648,1.00
463,649,1.00
463,650,1.00
463,651,1.00
463,652,1.00
463,653,1.00
464,647,0.60
465,647,0.60
464,648,1.00
465,648,1.00
464,649,1.00
465,649,1.00
464,650,1.00
465,650,1.00
464,651,1.00
465,651,1.00
464,652,1.00
465,652,1.00
464,653,1.00
465,653,1.00
466,647,0.30
466,648,1.00
466,649,1.00
466,650,1.00
466,651,1.00
466,652,1.00
466,653,1.00
467,648,1.00
467,649,1.00
467,650,1.00
467,651,1.00
467,652,1.00
467,653,1.00
461,654,0.30
462,654,1.00
463,654,1.00
464,654,1.00
465,654,1.00
466,654,1.00
467,654,1.00
468,648,1.00
468,649,1.00
468,650,1.00
468,651,1.00
468,652,1.00
468,653,1.00
468,654,1.00
469,648,0.90
469,649,1.00
469,650,1.00
469,651,1.00
469,652,1.00
469,653,1.00
469,654,1.00
470,648,0.60
470,649,1.00
470,650,1.00
470,651,1.00
470,652,1.00
470,653,1.00
470,654,1.00
471,648,0.30
472,648,0.30
471,649,0.68
472,649,0.60
471,650,1.00
472,650,1.00
471,651,1.00
472,651,1.00
471,652,1.00
472,652,1.00
471,653,1.00
472,653,1.00
471,654,1.00
472,654,1.00
473,649,0.30
474,649,0.30
473,650,1.00
474,650,1.00
473,651,1.00
474,651,1.00
473,652,1.00
474,652,1.00
473,653,1.00
474,653,1.00
473,654,1.00
474,654,1.00
468,655,0.30
469,655,0.60
470,655,0.98
471,655,1.00
472,655,1.00
473,655,1.00
474,655,1.00
475,650,1.00
475,651,1.00
475,652,1.00
475,653,1.00
475,654,1.00
475,655,1.00
469,656,0.30
470,656,0.60
471,656,1.00
472,656,1.00
473,656,1.00
474,656,1.00
475,656,1.00
476,650,1.00
476,651,1.00
476,652,1.00
476,653,1.00
476,654,1.00
476,655,1.00
476,656,1.00
477,650,1.00
477,651,1.00
477,652,1.00
477,653,1.00
477,654,1.00
477,655,1.00
477,656,1.00
478,650,1.00
478,651,1.00
478,652,1.00
478,653,1.00
478,654,1.00
478,655,1.00
478,656,1.00
479,650,1.00
479,651,1.00
479,652,1.00
479,653,1.00
479,654,1.00
479,655,1.00
479,656,1.00
480,650,1.00
480,651,1.00
480,652,1.00
480,653,1.00
480,654,1.00
480,655,1.00
480,656,0.90
481,650,1.00
481,651,1.00
481,652,1.00
481,653,1.00
481,654,1.00
481,655,1.00
481,656,0.30
476,649,0.30
477,649,0.60
478,649,1.00
479,649,1.00
480,649,1.00
481,649,1.00
482,649,1.00
482,650,1.00
482,651,1.00
482,652,1.00
482,653,1.00
482,654,1.00
482,655,0.90
483,649,1.00
483,650,1.00
483,651,1.00
483,652,1.00
483,653,1.00
483,654,1.00
483,655,0.60
484,649,1.00
484,650,1.00
484,651,1.00
484,652,1.00
484,653,1.00
484,654,0.90
484,655,0.30
478,648,0.30
479,648,0.60
480,648,1.00
481,648,1.00
482,648,1.00
483,648,1.00
484,648,1.00
485,648,1.00
485,649,1.00
485,650,1.00
485,651,1.00
485,652,1.00
485,653,0.90
485,654,0.30
480,647,0.60
481,647,0.90
482,647,1.00
483,647,1.00
484,647,1.00
485,647,1.00
486,647,1.00
486,648,1.00
486,649,1.00
486,650,1.00
486,651,1.00
486,652,1.00
486,653,0.60
481,646,0.30
482,646,0.60
483,646,0.90
484,646,1.00
485,646,1.00
486,646,1.00
487,646,1.00
487,647,1.00
487,648,1.00
487,649,1.00
487,650,1.00
487,651,1.00
487,652,0.90
488,646,1.00
488,647,1.00
488,648,1.00
488,649,1.00
488,650,1.00
488,651,0.98
488,652,0.60
489,646,1.00
489,647,1.00
489,648,1.00
489,649,1.00
489,650,0.98
489,651,0.60
489,652,0.30
484,645,0.30
485,645,0.30
486,645,0.60
487,645,0.98
488,645,1.00
489,645,1.00
490,645,1.00
490,646,1.00
490,647,1.00
490,648,1.00
490,649,1.00
490,650,0.60
490,651,0.30
486,644,0.30
487,644,0.60
488,644,0.68
489,644,1.00
490,644,1.00
491,644,1.00
492,644,1.00
491,645,1.00
492,645,1.00
491,646,1.00
492,646,1.00
491,647,1.00
492,647,1.00
491,648,1.00
492,648,0.98
491,649,0.68
492,649,0.60
491,650,0.30
492,650,0.30
487,643,0.30
488,643,0.30
489,643,0.60
490,643,0.98
491,643,1.00
492,643,1.00
493,643,1.00
493,644,1.00
493,645,1.00
493,646,1.00
493,647,1.00
493,648,0.60
493,649,0.30
489,642,0.30
490,642,0.60
491,642,0.98
492,642,1.00
493,642,1.00
494,642,1.00
495,642,1.00
494,643,1.00
495,643,1.00
494,644,1.00
495,644,1.00
494,645,1.00
495,645,1.00
494,646,1.00
495,646,0.98
494,647,0.68
495,647,0.60
494,648,0.30
495,648,0.30
490,641,0.30
491,641,0.60
492,641,0.68
493,641,1.00
494,641,1.00
495,641,1.00
496,641,1.00
496,642,1.00
496,643,1.00
496,644,1.00
496,645,0.98
496,646,0.60
496,647,0.30
491,640,0.30
492,640,0.30
493,640,0.60
494,640,0.98
495,640,1.00
496,640,1.00
497,640,1.00
497,641,1.00
497,642,1.00
497,643,1.00
497,644,1.00
497,645,0.60
497,646,0.30
493,639,0.30
494,639,0.60
495,639,0.68
496,639,1.00
497,639,1.00
498,639,1.00
499,639,1.00
498,640,1.00
499,640,1.00
498,641,1.00
499,641,1.00
498,642,1.00
499,642,1.00
498,643,1.00
499,643,0.68
498,644,0.68
499,644,0.60
498,645,0.30
499,645,0.30
494,638,0.30
495,638,0.30
496,638,0.60
497,638,1.00
498,638,1.00
499,638,1.00
500,638,1.00
500,639,1.00
500,640,1.00
500,641,1.00
500,642,0.60
500,643,0.30
500,644,0.30
496,636,0.30
497,636,0.90
498,636,1.00
499,636,1.00
500,636,1.00
501,636,1.00
502,636,1.00
496,637,0.30
497,637,0.98
498,637,1.00
499,637,1.00
500,637,1.00
501,637,1.00
502,637,1.00
501,638,1.00
502,638,1.00
501,639,1.00
502,639,1.00
501,640,1.00
502,640,1.00
501,641,0.98
502,641,0.90
501,642,0.30
502,642,0.30
497,635,0.60
498,635,0.90
499,635,1.00
500,635,1.00
501,635,1.00
502,635,1.00
503,635,1.00
503,636,1.00
503,637,1.00
503,638,1.00
503,639,1.00
503,640,0.90
503,641,0.60
498,634,0.30
499,634,0.60
500,634,1.00
501,634,1.00
502,634,1.00
503,634,1.00
504,634,1.00
504,635,1.00
504,636,1.00
504,637,1.00
504,638,0.98
504,639,0.60
504,640,0.30
499,633,0.30
500,633,0.90
501,633,1.00
502,633,1.00
503,633,1.00
504,633,1.00
505,633,1.00
505,634,1.00
505,635,1.00
505,636,1.00
505,637,0.98
505,638,0.60
505,639,0.30
500,632,0.60
501,632,1.00
502,632,1.00
503,632,1.00
504,632,1.00
505,632,1.00
506,632,1.00
506,633,1.00
506,634,1.00
506,635,1.00
506,636,0.90
506,637,0.60
506,638,0.30
500,631,0.30
501,631,0.90
502,631,1.00
503,631,1.00
504,631,1.00
505,631,1.00
506,631,1.00
501,630,0.60
502,630,1.00
503,630,1.00
504,630,1.00
505,630,1.00
506,630,1.00
507,630,1.00
507,631,1.00
507,632,1.00
507,633,1.00
507,634,1.00
507,635,0.90
507,636,0.30
501,629,0.30
502,629,0.90
503,629,1.00
504,629,1.00
505,629,1.00
506,629,1.00
507,629,1.00
508,629,1.00
508,630,1.00
508,631,1.00
508,632,1.00
508,633,0.90
508,634,0.60
508,635,0.30
502,628,0.30
503,628,1.00
504,628,1.00
505,628,1.00
506,628,1.00
507,628,1.00
508,628,1.00
503,627,1.00
504,627,1.00
505,627,1.00
506,627,1.00
507,627,1.00
508,627,1.00
509,627,1.00
509,628,1.00
509,629,1.00
509,630,1.00
509,631,1.00
509,632,0.60
509,633,0.30
503,626,0.90
504,626,1.00
505,626,1.00
506,626,1.00
507,626,1.00
508,626,1.00
509,626,1.00
503,625,0.60
504,625,1.00
505,625,1.00
506,625,1.00
507,625,1.00
508,625,1.00
509,625,1.00
504,624,1.00
505,624,1.00
506,624,1.00
507,624,1.00
508,624,1.00
509,624,1.00
510,624,1.00
510,625,1.00
510,626,1.00
510,627,1.00
510,628,0.90
510,629,0.60
510,630,0.30
504,623,1.00
505,623,1.00
506,623,1.00
507,623,1.00
508,623,1.00
509,623,1.00
510,623,1.00
504,622,1.00
505,622,1.00
506,622,1.00
507,622,1.00
508,622,1.00
509,622,1.00
510,622,1.00
504,621,1.00
505,621,1.00
506,621,1.00
507,621,1.00
508,621,1.00
509,621,1.00
510,621,1.00
504,620,1.00
505,620,1.00
506,620,1.00
507,620,1.00
508,620,1.00
509,620,1.00
510,620,1.00
504,619,1.00
505,619,1.00
506,619,1.00
507,619,1.00
508,619,1.00
509,619,1.00
510,619,0.90
504,618,1.00
505,618,1.00
506,618,1.00
507,618,1.00
508,618,1.00
509,618,1.00
510,618,0.60
504,617,1.00
505,617,1.00
506,617,1.00
507,617,1.00
508,617,1.00
509,617,0.90
510,617,0.30
503,616,1.00
504,616,1.00
505,616,1.00
506,616,1.00
507,616,1.00
508,616,1.00
509,616,0.60
503,617,1.00
503,618,1.00
503,619,1.00
503,620,0.90
503,621,0.60
503,622,0.30
503,615,1.00
504,615,1.00
505,615,1.00
506,615,1.00
507,615,1.00
508,615,0.90
509,615,0.30
502,614,1.00
503,614,1.00
504,614,1.00
505,614,1.00
506,614,1.00
507,614,1.00
508,614,0.60
502,615,1.00
502,616,1.00
502,617,1.00
502,618,1.00
502,619,0.90
502,620,0.30
502,613,1.00
503,613,1.00
504,613,1.00
505,613,1.00
506,613,1.00
507,613,0.90
508,613,0.30
501,613,1.00
501,614,1.00
501,615,1.00
501,616,1.00
501,617,1.00
501,618,1.00
501,619,0.30
501,612,1.00
502,612,1.00
503,612,1.00
504,612,1.00
505,612,1.00
506,612,0.90
507,612,0.30
500,612,1.00
500,613,1.00
500,614,1.00
500,615,1.00
500,616,1.00
500,617,1.00
500,618,0.60
499,611,1.00
500,611,1.00
501,611,1.00
502,611,1.00
503,611,1.00
504,611,0.90
505,611,0.30
499,612,1.00
499,613,1.00
499,614,1.00
499,615,1.00
499,616,1.00
499,617,1.00
498,611,1.00
498,612,1.00
498,613,1.00
498,614,1.00
498,615,1.00
498,616,1.00
498,617,1.00
497,611,1.00
497,612,1.00
497,613,1.00
497,614,1.00
497,615,1.00
497,616,1.00
497,617,1.00
496,611,1.00
496,612,1.00
496,613,1.00
496,614,1.00
496,615,1.00
496,616,1.00
496,617,1.00
495,611,1.00
495,612,1.00
495,613,1.00
495,614,1.00
495,615,1.00
495,616,1.00
495,617,1.00
494,611,1.00
494,612,1.00
494,613,1.00
494,614,1.00
494,615,1.00
494,616,1.00
494,617,1.00
493,611,1.00
493,612,1.00
493,613,1.00
493,614,1.00
493,615,1.00
493,616,1.00
493,617,1.00
492,611,1.00
492,612,1.00
492,613,1.00
492,614,1.00
492,615,1.00
492,616,1.00
492,617,1.00
491,611,1.00
491,612,1.00
491,613,1.00
491,614,1.00
491,615,1.00
491,616,1.00
491,617,1.00
490,611,1.00
490,612,1.00
490,613,1.00
490,614,1.00
490,615,1.00
490,616,1.00
490,617,1.00
488,611,1.00
489,611,1.00
488,612,1.00
489,612,1.00
488,613,1.00
489,613,1.00
488,614,1.00
489,614,1.00
488,615,1.00
489,615,1.00
488,616,1.00
489,616,1.00
488,617,1.00
489,617,1.00
487,611,1.00
487,612,1.00
487,613,1.00
487,614,1.00
487,615,1.00
487,616,1.00
487,617,1.00
486,611,0.90
486,612,1.00
486,613,1.00
486,614,1.00
486,615,1.00
486,616,1.00
486,617,1.00
485,611,0.60
485,612,1.00
485,613,1.00
485,614,1.00
485,615,1.00
485,616,1.00
485,617,1.00
483,611,0.30
484,611,0.30
483,612,0.60
484,612,0.68
483,613,1.00
484,613,1.00
483,614,1.00
484,614,1.00
483,615,1.00
484,615,1.00
483,616,1.00
484,616,1.00
483,617,1.00
484,617,1.00
482,612,0.30
482,613,0.90
482,614,1.00
482,615,1.00
482,616,1.00
482,617,1.00
482,618,1.00
483,618,1.00
484,618,1.00
485,618,1.00
486,618,0.98
487,618,0.60
488,618,0.30
481,613,0.60
481,614,0.98
481,615,1.00
481,616,1.00
481,617,1.00
481,618,1.00
481,619,1.00
482,619,1.00
483,619,1.00
484,619,0.98
485,619,0.90
486,619,0.60
487,619,0.30
480,613,0.30
480,614,0.60
480,615,1.00
480,616,1.00
480,617,1.00
480,618,1.00
480,619,1.00
479,614,0.30
479,615,0.90
479,616,1.00
479,617,1.00
479,618,1.00
479,619,1.00
479,620,1.00
480,620,1.00
481,620,1.00
482,620,0.98
483,620,0.60
484,620,0.30
485,620,0.30
477,615,0.60
478,615,0.60
477,616,0.98
478,616,1.00
477,617,1.00
478,617,1.00
477,618,1.00
478,618,1.00
477,619,1.00
478,619,1.00
477,620,1.00
478,620,1.00
477,621,1.00
478,621,1.00
479,621,1.00
480,621,0.90
481,621,0.60
482,621,0.60
483,621,0.30
476,615,0.30
476,616,0.60
476,617,1.00
476,618,1.00
476,619,1.00
476,620,1.00
476,621,1.00
474,616,0.30
475,616,0.30
474,617,0.90
475,617,0.98
474,618,1.00
475,618,1.00
474,619,1.00
475,619,1.00
474,620,1.00
475,620,1.00
474,621,1.00
475,621,1.00
474,622,1.00
475,622,1.00
476,622,1.00
477,622,1.00
478,622,0.68
479,622,0.60
480,622,0.30
473,617,0.60
473,618,1.00
473,619,1.00
473,620,1.00
473,621,1.00
473,622,1.00
473,623,1.00
474,623,1.00
475,623,0.90
476,623,0.60
477,623,0.60
478,623,0.30
479,623,0.30
471,617,0.30
472,617,0.30
471,618,0.90
472,618,0.98
471,619,1.00
472,619,1.00
471,620,1.00
472,620,1.00
471,621,1.00
472,621,1.00
471,622,1.00
472,622,1.00
471,623,1.00
472,623,1.00
469,618,0.60
470,618,0.60
469,619,0.98
470,619,1.00
469,620,1.00
470,620,1.00
469,621,1.00
470,621,1.00
469,622,1.00
470,622,1.00
469,623,1.00
470,623,1.00
469,624,1.00
470,624,1.00
471,624,0.98
472,624,0.90
473,624,0.60
474,624,0.60
475,624,0.30
468,618,0.30
468,619,0.60
468,620,1.00
468,621,1.00
468,622,1.00
468,623,1.00
468,624,1.00
466,619,0.30
467,619,0.30
466,620,0.60
467,620,0.68
466,621,1.00
467,621,1.00
466,622,1.00
467,622,1.00
466,623,1.00
467,623,1.00
466,624,1.00
467,624,1.00
466,625,1.00
467,625,1.00
468,625,1.00
469,625,0.98
470,625,0.60
471,625,0.30
472,625,0.30
464,620,0.30
465,620,0.30
464,621,0.60
465,621,0.68
464,622,1.00
465,622,1.00
464,623,1.00
465,623,1.00
464,624,1.00
465,624,1.00
464,625,1.00
465,625,1.00
464,626,1.00
465,626,1.00
466,626,1.00
467,626,1.00
468,626,0.98
469,626,0.60
470,626,0.30
463,621,0.30
463,622,0.90
463,623,1.00
463,624,1.00
463,625,1.00
463,626,1.00
463,627,1.00
464,627,1.00
465,627,1.00
466,627,1.00
467,627,0.98
468,627,0.60
469,627,0.30
462,622,0.60
462,623,0.68
462,624,0.96
462,625,1.00
462,626,0.96
462,627,0.68
462,628,0.60
463,628,0.60
464,628,0.60
465,628,0.60
466,628,0.60
467,628,0.60
468,628,0.30
461,622,0.30
461,623,0.30
461,624,0.30
461,625,0.30
461,626,0.30
461,627,0.30
461,628,0.30

523,644,1.00
524,644,1.00
525,644,1.00
526,644,1.00
527,644,1.00
528,644,1.00
529,644,1.00
523,645,1.00
524,645,1.00
525,645,1.00
526,645,1.00
527,645,1.00
528,645,1.00
529,645,1.00
523,646,1.00
524,646,1.00
525,646,1.00
526,646,1.00
527,646,1.00
528,646,1.00
529,646,1.00
523,647,1.00
524,647,1.00
525,647,1.00
526,647,1.00
527,647,1.00
528,647,1.00
529,647,1.00
523,648,1.00
524,648,1.00
525,648,1.00
526,648,1.00
527,648,1.00
528,648,1.00
529,648,1.00
523,649,1.00
524,649,1.00
525,649,1.00
526,649,1.00
527,649,1.00
528,649,1.00
529,649,1.00
523,650,0.90
524,650,0.90
525,650,0.90
526,650,0.90
527,650,0.90
528,650,0.90
529,650,0.90
523,643,0.60
524,643,1.00
525,643,1.00
526,643,1.00
527,643,1.00
528,643,1.00
529,643,0.60
523,640,0.60
524,640,0.68
525,640,0.96
526,640,1.00
527,640,0.96
528,640,0.68
529,640,0.60
523,641,0.60
524,641,0.68
525,641,0.96
526,641,1.00
527,641,0.96
528,641,0.68
529,641,0.60
523,642,0.30
524,642,0.66
525,642,1.00
526,642,1.00
527,642,1.00
528,642,0.66
529,642,0.30
523,635,0.60
524,635,0.60
525,635,0.60
526,635,0.60
527,635,0.60
528,635,0.60
529,635,0.60
523,636,0.30
524,636,0.38
525,636,0.66
526,636,0.77
527,636,0.66
528,636,0.38
529,636,0.30
523,637,0.30
524,637,0.66
525,637,1.00
526,637,1.00
527,637,1.00
528,637,0.66
529,637,0.30
523,638,0.30
524,638,0.77
525,638,1.00
526,638,1.00
527,638,1.00
528,638,0.77
529,638,0.30
523,639,0.30
524,639,0.66
525,639,1.00
526,639,1.00
527,639,1.00
528,639,0.66
529,639,0.30
523,629,0.60
524,629,0.60
525,629,0.60
526,629,0.60
527,629,0.60
528,629,0.60
529,629,0.60
523,630,0.30
524,630,0.38
525,630,0.66
526,630,0.77
527,630,0.66
528,630,0.38
529,630,0.30
523,631,0.30
524,631,0.66
525,631,1.00
526,631,1.00
527,631,1.00
528,631,0.66
529,631,0.30
523,632,0.30
524,632,0.77
525,632,1.00
526,632,1.00
527,632,1.00
528,632,0.77
529,632,0.30
523,633,0.30
524,633,0.66
525,633,1.00
526,633,1.00
527,633,1.00
528,633,0.66
529,633,0.30
523,634,0.30
524,634,0.38
525,634,0.66
526,634,0.77
527,634,0.66
528,634,0.38
529,634,0.30
523,623,0.60
524,623,0.68
525,623,0.96
526,623,1.00
527,623,0.96
528,623,0.68
529,623,0.60
523,624,0.60
524,624,0.68
525,624,0.96
526,624,1.00
527,624,0.96
528,624,0.68
529,624,0.60
523,625,0.30
524,625,0.66
525,625,1.00
526,625,1.00
527,625,1.00
528,625,0.66
529,625,0.30
523,626,0.30
524,626,0.77
525,626,1.00
526,626,1.00
527,626,1.00
528,626,0.77
529,626,0.30
523,627,0.30
524,627,0.66
525,627,1.00
526,627,1.00
527,627,1.00
528,627,0.66
529,627,0.30
523,628,0.30
524,628,0.38
525,628,0.66
526,628,0.77
527,628,0.66
528,628,0.38
529,628,0.30
523,618,0.60
524,618,0.96
525,618,1.00
526,618,1.00
527,618,1.00
528,618,0.96
529,618,0.60
523,619,0.60
524,619,0.76
525,619,1.00
526,619,1.00
527,619,1.00
528,619,0.76
529,619,0.60
523,620,0.60
524,620,0.96
525,620,1.00
526,620,1.00
527,620,1.00
528,620,0.96
529,620,0.60
523,621,0.30
524,621,0.77
525,621,1.00
526,621,1.00
527,621,1.00
528,621,0.77
529,621,0.30
523,622,0.30
524,622,0.66
525,622,1.00
526,622,1.00
527,622,1.00
528,622,0.66
529,622,0.30
523,614,0.90
524,614,1.00
525,614,1.00
526,614,1.00
527,614,1.00
528,614,1.00
529,614,0.90
523,615,0.90
524,615,1.00
525,615,1.00
526,615,1.00
527,615,1.00
528,615,1.00
529,615,0.90
523,616,0.60
524,616,1.00
525,616,1.00
526,616,1.00
527,616,1.00
528,616,1.00
529,616,0.60
523,617,0.60
524,617,1.00
525,617,1.00
526,617,1.00
527,617,1.00
528,617,1.00
529,617,0.60
523,611,0.90
524,611,1.00
525,611,1.00
526,611,1.00
527,611,1.00
528,611,1.00
529,611,0.90
523,612,0.90
524,612,1.00
525,612,1.00
526,612,1.00
527,612,1.00
528,612,1.00
529,612,0.90
523,613,0.90
524,613,1.00
525,613,1.00
526,613,1.00
527,613,1.00
528,613,1.00
529,613,0.90
523,609,0.90
524,609,1.00
525,609,1.00
526,609,1.00
527,609,1.00
528,609,1.00
529,609,0.90
523,610,0.90
524,610,1.00
525,610,1.00
526,610,1.00
527,610,1.00
528,610,1.00
529,610,0.90
523,607,0.60
524,607,1.00
525,607,1.00
526,607,1.00
527,607,1.00
528,607,1.00
529,607,0.60
523,608,0.60
524,608,1.00
525,608,1.00
526,608,1.00
527,608,1.00
528,608,1.00
529,608,0.60
523,604,0.60
524,604,0.68
525,604,0.96
526,604,1.00
527,604,0.96
528,604,0.68
529,604,0.60
523,605,0.60
524,605,0.68
525,605,0.96
526,605,1.00
527,605,0.96
528,605,0.68
529,605,0.60
523,606,0.30
524,606,0.66
525,606,1.00
526,606,1.00
527,606,1.00
528,606,0.66
529,606,0.30
523,599,0.60
524,599,0.68
525,599,0.96
526,599,1.00
527,599,0.96
528,599,0.68
529,599,0.60
523,600,0.60
524,600,0.68
525,600,0.96
526,600,1.00
527,600,0.96
528,600,0.68
529,600,0.60
523,601,0.30
524,601,0.66
525,601,1.00
526,601,1.00
527,601,1.00
528,601,0.66
529,601,0.30
523,602,0.30
524,602,0.77
525,602,1.00
526,602,1.00
527,602,1.00
528,602,0.77
529,602,0.30
523,603,0.30
524,603,0.66
525,603,1.00
526,603,1.00
527,603,1.00
528,603,0.66
529,603,0.30
523,594,0.60
524,594,0.96
525,594,1.00
526,594,1.00
527,594,1.00
528,594,0.96
529,594,0.60
523,595,0.60
524,595,0.76
525,595,1.00
526,595,1.00
527,595,1.00
528,595,0.76
529,595,0.60
523,596,0.60
524,596,0.96
525,596,1.00
526,596,1.00
527,596,1.00
528,596,0.96
529,596,0.60
523,597,0.30
524,597,0.77
525,597,1.00
526,597,1.00
527,597,1.00
528,597,0.77
529,597,0.30
523,598,0.30
524,598,0.66
525,598,1.00
526,598,1.00
527,598,1.00
528,598,0.66
529,598,0.30
523,590,1.00
524,590,1.00
525,590,1.00
526,590,1.00
527,590,1.00
528,590,0.90
529,590,0.30
523,591,0.96
524,591,1.00
525,591,1.00
526,591,1.00
527,591,1.00
528,591,0.68
529,591,0.30
523,592,0.68
524,592,1.00
525,592,1.00
526,592,1.00
527,592,1.00
528,592,0.96
529,592,0.30
523,593,0.60
524,593,1.00
525,593,1.00
526,593,1.00
527,593,1.00
528,593,1.00
529,593,0.30
522,587,1.00
523,587,1.00
524,587,1.00
525,587,1.00
526,587,1.00
527,587,1.00
528,587,1.00
522,588,0.90
523,588,1.00
524,588,1.00
525,588,1.00
526,588,1.00
527,588,1.00
528,588,0.90
522,589,0.60
523,589,1.00
524,589,1.00
525,589,1.00
526,589,1.00
527,589,1.00
528,589,0.60
522,590,0.60
522,591,0.30
522,592,0.30
522,593,0.30
522,584,1.00
523,584,1.00
524,584,1.00
525,584,1.00
526,584,1.00
527,584,1.00
528,584,1.00
522,585,1.00
523,585,1.00
524,585,1.00
525,585,1.00
526,585,1.00
527,585,1.00
528,585,1.00
522,586,0.90
523,586,1.00
524,586,1.00
525,586,1.00
526,586,1.00
527,586,1.00
528,586,0.90
522,582,1.00
523,582,1.00
524,582,1.00
525,582,1.00
526,582,1.00
527,582,1.00
528,582,1.00
522,583,1.00
523,583,1.00
524,583,1.00
525,583,1.00
526,583,1.00
527,583,1.00
528,583,1.00
522,581,1.00
523,581,1.00
524,581,1.00
525,581,1.00
526,581,1.00
527,581,1.00
528,581,1.00
522,579,1.00
523,579,1.00
524,579,1.00
525,579,1.00
526,579,1.00
527,579,1.00
528,579,1.00
522,580,1.00
523,580,1.00
524,580,1.00
525,580,1.00
526,580,1.00
527,580,1.00
528,580,1.00
522,577,1.00
523,577,1.00
524,577,1.00
525,577,1.00
526,577,1.00
527,577,1.00
528,577,1.00
522,578,1.00
523,578,1.00
524,578,1.00
525,578,1.00
526,578,1.00
527,578,1.00
528,578,1.00
522,576,0.90
523,576,1.00
524,576,1.00
525,576,1.00
526,576,1.00
527,576,1.00
528,576,0.90
522,574,0.90
523,574,1.00
524,574,1.00
525,574,1.00
526,574,1.00
527,574,1.00
528,574,0.90
522,575,0.90
523,575,1.00
524,575,1.00
525,575,1.00
526,575,1.00
527,575,1.00
528,575,0.90
522,572,0.90
523,572,1.00
524,572,1.00
525,572,1.00
526,572,1.00
527,572,1.00
528,572,0.90
522,573,0.60
523,573,1.00
524,573,1.00
525,573,1.00
526,573,1.00
527,573,1.00
528,573,0.60
522,569,0.90
523,569,1.00
524,569,1.00
525,569,1.00
526,569,1.00
527,569,1.00
528,569,0.90
522,570,0.90
523,570,1.00
524,570,1.00
525,570,1.00
526,570,1.00
527,570,1.00
528,570,0.90
522,571,0.60
523,571,1.00
524,571,1.00
525,571,1.00
526,571,1.00
527,571,1.00
528,571,0.60
522,566,1.00
523,566,1.00
524,566,1.00
525,566,1.00
526,566,1.00
527,566,1.00
528,566,1.00
522,567,0.90
523,567,1.00
524,567,1.00
525,567,1.00
526,567,1.00
527,567,1.00
528,567,0.90
522,568,0.90
523,568,1.00
524,568,1.00
525,568,1.00
526,568,1.00
527,568,1.00
528,568,0.90
522,564,1.00
523,564,1.00
524,564,1.00
525,564,1.00
526,564,1.00
527,564,1.00
528,564,1.00
522,565,1.00
523,565,1.00
524,565,1.00
525,565,1.00
526,565,1.00
527,565,1.00
528,565,1.00
522,562,1.00
523,562,1.00
524,562,1.00
525,562,1.00
526,562,1.00
527,562,1.00
528,562,1.00
522,563,1.00
523,563,1.00
524,563,1.00
525,563,1.00
526,563,1.00
527,563,1.00
528,563,1.00
522,560,1.00
523,560,1.00
524,560,1.00
525,560,1.00
526,560,1.00
527,560,1.00
528,560,1.00
522,561,1.00
523,561,1.00
524,561,1.00
525,561,1.00
526,561,1.00
527,561,1.00
528,561,1.00
522,559,0.60
523,559,1.00
524,559,1.00
525,559,1.00
526,559,1.00
527,559,1.00
528,559,1.00
529,559,1.00
529,560,1.00
529,561,1.00
529,562,1.00
529,563,1.00
529,564,1.00
529,565,0.90
524,558,0.30
525,558,1.00
526,558,1.00
527,558,1.00
528,558,1.00
529,558,1.00
530,558,1.00
530,559,1.00
530,560,1.00
530,561,1.00
530,562,1.00
530,563,1.00
530,564,1.00
531,558,1.00
531,559,1.00
531,560,1.00
531,561,1.00
531,562,1.00
531,563,1.00
531,564,1.00
525,557,0.30
526,557,1.00
527,557,1.00
528,557,1.00
529,557,1.00
530,557,1.00
531,557,1.00
532,557,1.00
532,558,1.00
532,559,1.00
532,560,1.00
532,561,1.00
532,562,1.00
532,563,1.00
533,557,0.30
533,558,1.00
533,559,1.00
533,560,1.00
533,561,1.00
533,562,1.00
533,563,1.00
532,564,1.00
533,564,1.00
534,558,0.30
534,559,0.30
534,560,0.60
534,561,0.98
534,562,1.00
534,563,1.00
534,564,1.00
535,560,0.30
535,561,0.60
535,562,0.96
535,563,1.00
535,564,1.00
530,565,0.38
531,565,0.96
532,565,1.00
533,565,1.00
534,565,1.00
535,565,1.00
529,566,0.30
530,566,0.30
531,566,0.60
532,566,0.68
533,566,1.00
534,566,1.00
535,566,1.00
536,561,0.30
537,561,0.30
536,562,0.38
537,562,0.30
536,563,0.96
537,563,0.60
536,564,1.00
537,564,0.96
536,565,1.00
537,565,1.00
536,566,1.00
537,566,1.00
531,567,0.30
532,567,0.30
533,567,0.60
534,567,1.00
535,567,1.00
536,567,1.00
537,567,1.00
538,563,0.30
539,563,0.30
538,564,0.38
539,564,0.30
538,565,0.96
539,565,0.60
538,566,1.00
539,566,0.68
538,567,1.00
539,567,1.00
533,568,0.30
534,568,0.68
535,568,1.00
536,568,1.00
537,568,1.00
538,568,1.00
539,568,1.00
533,569,0.30
534,569,0.60
535,569,0.96
536,569,1.00
537,569,1.00
538,569,1.00
539,569,1.00
540,565,0.30
540,566,0.30
540,567,0.60
540,568,0.96
540,569,1.00
534,570,0.30
535,570,0.38
536,570,0.96
537,570,1.00
538,570,1.00
539,570,1.00
540,570,1.00
534,571,0.30
535,571,0.30
536,571,0.60
537,571,0.96
538,571,1.00
539,571,1.00
540,571,1.00
541,567,0.30
542,567,0.30
541,568,0.38
542,568,0.30
541,569,0.96
542,569,0.60
541,570,1.00
542,570,1.00
541,571,1.00
542,571,1.00
536,572,0.30
537,572,0.38
538,572,0.96
539,572,1.00
540,572,1.00
541,572,1.00
542,572,1.00
536,573,0.30
537,573,0.30
538,573,0.60
539,573,1.00
540,573,1.00
541,573,1.00
542,573,1.00
543,569,0.30
544,569,0.30
543,570,0.68
544,570,0.60
543,571,1.00
544,571,0.68
543,572,1.00
544,572,1.00
543,573,1.00
544,573,1.00
538,574,0.30
539,574,0.98
540,574,1.00
541,574,1.00
542,574,1.00
543,574,1.00
544,574,1.00
538,575,0.30
539,575,0.90
540,575,1.00
541,575,1.00
542,575,1.00
543,575,1.00
544,575,1.00
545,570,0.30
545,571,0.30
545,572,0.60
545,573,0.60
545,574,0.90
545,575,1.00
539,576,0.60
540,576,1.00
541,576,1.00
542,576,1.00
543,576,1.00
544,576,1.00
545,576,1.00
539,577,0.30
540,577,0.68
541,577,1.00
542,577,1.00
543,577,1.00
544,577,1.00
545,577,1.00
539,578,0.30
540,578,0.60
541,578,1.00
542,578,1.00
543,578,1.00
544,578,1.00
545,578,1.00
546,574,0.30
546,575,0.60
546,576,0.98
546,577,1.00
546,578,1.00
540,579,0.30
541,579,0.68
542,579,1.00
543,579,1.00
544,579,1.00
545,579,1.00
546,579,1.00
540,580,0.30
541,580,0.60
542,580,0.98
543,580,1.00
544,580,1.00
545,580,1.00
546,580,1.00
547,575,0.30
547,576,0.60
547,577,1.00
547,578,1.00
547,579,1.00
547,580,1.00
541,581,0.30
542,581,0.60
543,581,1.00
544,581,1.00
545,581,1.00
546,581,1.00
547,581,1.00
548,576,0.30
548,577,0.90
548,578,1.00
548,579,1.00
548,580,1.00
548,581,1.00
542,582,0.30
543,582,0.90
544,582,1.00
545,582,1.00
546,582,1.00
547,582,1.00
548,582,1.00
549,577,0.60
549,578,0.60
549,579,0.90
549,580,1.00
549,581,1.00
549,582,1.00
543,583,0.60
544,583,0.90
545,583,1.00
546,583,1.00
547,583,1.00
548,583,1.00
549,583,1.00
550,579,0.30
550,580,0.60
550,581,0.68
550,582,1.00
550,583,1.00
544,584,0.30
545,584,0.68
546,584,1.00
547,584,1.00
548,584,1.00
549,584,1.00
550,584,1.00
544,585,0.30
545,585,0.60
546,585,0.98
547,585,1.00
548,585,1.00
549,585,1.00
550,585,1.00
551,580,0.30
551,581,0.30
551,582,0.60
551,583,0.68
551,584,1.00
551,585,1.00
545,586,0.30
546,586,0.60
547,586,1.00
548,586,1.00
549,586,1.00
550,586,1.00
551,586,1.00
552,582,0.30
552,583,0.30
552,584,0.60
552,585,0.98
552,586,1.00
546,587,0.30
547,587,0.68
548,587,1.00
549,587,1.00
550,587,1.00
551,587,1.00
552,587,1.00
546,588,0.30
547,588,0.60
548,588,1.00
549,588,1.00
550,588,1.00
551,588,1.00
552,588,1.00
553,584,0.30
553,585,0.60
553,586,0.98
553,587,1.00
553,588,1.00
547,589,0.30
548,589,0.98
549,589,1.00
550,589,1.00
551,589,1.00
552,589,1.00
553,589,1.00
547,590,0.30
548,590,0.90
549,590,1.00
550,590,1.00
551,590,1.00
552,590,1.00
553,590,1.00
554,585,0.30
554,586,0.60
554,587,1.00
554,588,1.00
554,589,1.00
554,590,1.00
548,591,0.60
549,591,1.00
550,591,1.00
551,591,1.00
552,591,1.00
553,591,1.00
554,591,1.00
548,592,0.30
549,592,0.90
550,592,1.00
551,592,1.00
552,592,1.00
553,592,1.00
554,592,1.00
555,587,0.60
555,588,0.90
555,589,1.00
555,590,1.00
555,591,1.00
555,592,1.00
549,593,0.60
550,593,1.00
551,593,1.00
552,593,1.00
553,593,1.00
554,593,1.00
555,593,1.00
556,588,0.30
556,589,0.60
556,590,0.60
556,591,0.90
556,592,1.00
556,593,1.00
550,594,0.60
551,594,0.98
552,594,1.00
553,594,1.00
554,594,1.00
555,594,1.00
556,594,1.00
550,595,0.30
551,595,0.60
552,595,1.00
553,595,1.00
554,595,1.00
555,595,1.00
556,595,1.00
557,591,0.30
557,592,0.90
557,593,1.00
557,594,1.00
557,595,1.00
551,596,0.30
552,596,0.68
553,596,1.00
554,596,1.00
555,596,1.00
556,596,1.00
557,596,1.00
551,597,0.30
552,597,0.60
553,597,1.00
554,597,1.00
555,597,1.00
556,597,1.00
557,597,1.00
558,592,0.60
558,593,1.00
558,594,1.00
558,595,1.00
558,596,1.00
558,597,1.00
552,598,0.30
553,598,1.00
554,598,1.00
555,598,1.00
556,598,1.00
557,598,1.00
558,598,1.00
559,592,0.30
559,593,0.90
559,594,0.90
559,595,1.00
559,596,1.00
559,597,1.00
559,598,1.00
553,599,0.60
554,599,0.90
555,599,1.00
556,599,1.00
557,599,1.00
558,599,1.00
559,599,1.00
560,595,0.30
560,596,0.30
560,597,0.60
560,598,0.96
560,599,1.00
554,600,0.30
555,600,0.38
556,600,1.00
557,600,1.00
558,600,1.00
559,600,1.00
560,600,1.00
554,601,0.30
555,601,0.30
556,601,0.90
557,601,1.00
558,601,1.00
559,601,1.00
560,601,1.00
561,597,0.30
562,597,0.30
561,598,0.38
562,598,0.30
561,599,0.96
562,599,0.60
561,600,1.00
562,600,0.60
561,601,1.00
562,601,0.90
556,602,0.60
557,602,1.00
558,602,1.00
559,602,1.00
560,602,1.00
561,602,1.00
562,602,1.00
556,603,0.60
557,603,0.96
558,603,1.00
559,603,1.00
560,603,1.00
561,603,1.00
562,603,1.00
556,604,0.30
557,604,0.38
558,604,1.00
559,604,1.00
560,604,1.00
561,604,1.00
562,604,1.00
556,605,0.30
557,605,0.30
558,605,1.00
559,605,1.00
560,605,1.00
561,605,1.00
562,605,1.00
563,601,0.30
564,601,0.30
563,602,1.00
564,602,1.00
563,603,1.00
564,603,1.00
563,604,1.00
564,604,1.00
563,605,1.00
564,605,1.00
558,606,0.90
559,606,1.00
560,606,1.00
561,606,1.00
562,606,1.00
563,606,1.00
564,606,1.00
558,607,0.90
559,607,1.00
560,607,1.00
561,607,1.00
562,607,1.00
563,607,1.00
564,607,1.00
558,608,0.60
559,608,1.00
560,608,1.00
561,608,1.00
562,608,1.00
563,608,1.00
564,608,1.00
565,602,0.30
565,603,0.60
565,604,0.90
565,605,1.00
565,606,1.00
565,607,1.00
565,608,1.00
559,609,0.30
560,609,0.60
561,609,1.00
562,609,1.00
563,609,1.00
564,609,1.00
565,609,1.00
566,604,0.30
566,605,1.00
566,606,1.00
566,607,1.00
566,608,1.00
566,609,1.00
560,610,0.30
561,610,1.00
562,610,1.00
563,610,1.00
564,610,1.00
565,610,1.00
566,610,1.00
567,605,1.00
567,606,1.00
567,607,1.00
567,608,1.00
567,609,1.00
567,610,1.00
561,611,0.90
562,611,1.00
563,611,1.00
564,611,1.00
565,611,1.00
566,611,1.00
567,611,1.00
568,605,0.30
568,606,0.60
568,607,0.90
568,608,1.00
568,609,1.00
568,610,1.00
568,611,1.00
562,612,0.60
563,612,0.98
564,612,1.00
565,612,1.00
566,612,1.00
567,612,1.00
568,612,1.00
562,613,0.30
563,613,0.60
564,613,1.00
565,613,1.00
566,613,1.00
567,613,1.00
568,613,1.00
569,608,0.30
569,609,0.90
569,610,1.00
569,611,1.00
569,612,1.00
569,613,1.00
563,614,0.30
564,614,1.00
565,614,1.00
566,614,1.00
567,614,1.00
568,614,1.00
569,614,1.00
570,609,0.60
570,610,1.00
570,611,1.00
570,612,1.00
570,613,1.00
570,614,1.00
564,615,0.90
565,615,1.00
566,615,1.00
567,615,1.00
568,615,1.00
569,615,1.00
570,615,1.00
564,616,0.30
565,616,1.00
566,616,1.00
567,616,1.00
568,616,1.00
569,616,1.00
570,616,1.00
571,610,0.30
571,611,0.60
571,612,0.90
571,613,1.00
571,614,1.00
571,615,1.00
571,616,1.00
565,617,0.60
566,617,1.00
567,617,1.00
568,617,1.00
569,617,1.00
570,617,1.00
571,617,1.00
565,618,0.30
566,618,1.00
567,618,1.00
568,618,1.00
569,618,1.00
570,618,1.00
571,618,1.00
572,613,0.90
572,614,1.00
572,615,1.00
572,616,1.00
572,617,1.00
572,618,1.00
566,619,0.90
567,619,1.00
568,619,1.00
569,619,1.00
570,619,1.00
571,619,1.00
572,619,1.00
573,614,0.30
573,615,0.60
573,616,0.90
573,617,1.00
573,618,1.00
573,619,1.00
567,620,0.60
568,620,1.00
569,620,1.00
570,620,1.00
571,620,1.00
572,620,1.00
573,620,1.00
567,621,0.30
568,621,1.00
569,621,1.00
570,621,1.00
571,621,1.00
572,621,1.00
573,621,1.00
574,616,0.30
574,617,0.90
574,618,1.00
574,619,1.00
574,620,1.00
574,621,1.00
568,622,0.90
569,622,1.00
570,622,1.00
571,622,1.00
572,622,1.00
573,622,1.00
574,622,1.00
568,623,0.60
569,623,1.00
570,623,1.00
571,623,1.00
572,623,1.00
573,623,1.00
574,623,1.00
575,618,1.00
575,619,1.00
575,620,1.00
575,621,1.00
575,622,1.00
575,623,1.00
569,624,1.00
570,624,1.00
571,624,1.00
572,624,1.00
573,624,1.00
574,624,1.00
575,624,1.00
576,619,1.00
576,620,1.00
576,621,1.00
576,622,1.00
576,623,1.00
576,624,1.00
570,625,1.00
571,625,1.00
572,625,1.00
573,625,1.00
574,625,1.00
575,625,1.00
576,625,1.00
570,626,0.60
571,626,1.00
572,626,1.00
573,626,1.00
574,626,1.00
575,626,1.00
576,626,1.00
577,620,0.60
577,621,1.00
577,622,1.00
577,623,1.00
577,624,1.00
577,625,1.00
577,626,1.00
571,627,0.90
572,627,1.00
573,627,1.00
574,627,1.00
575,627,1.00
576,627,1.00
577,627,1.00
578,622,0.30
578,623,0.90
578,624,1.00
578,625,1.00
578,626,1.00
578,627,1.00
572,628,0.60
573,628,0.98
574,628,1.00
575,628,1.00
576,628,1.00
577,628,1.00
578,628,1.00
572,629,0.30
573,629,0.60
574,629,1.00
575,629,1.00
576,629,1.00
577,629,1.00
578,629,1.00
579,623,0.30
579,624,0.60
579,625,1.00
579,626,1.00
579,627,1.00
579,628,1.00
579,629,1.00
580,624,0.30
580,625,1.00
580,626,1.00
580,627,1.00
580,628,1.00
580,629,1.00
574,630,1.00
575,630,1.00
576,630,1.00
577,630,1.00
578,630,1.00
579,630,1.00
580,630,1.00
574,631,1.00
575,631,1.00
576,631,1.00
577,631,1.00
578,631,1.00
579,631,1.00
580,631,1.00
581,626,0.30
581,627,0.60
581,628,0.68
581,629,1.00
581,630,1.00
581,631,1.00
575,632,0.30
576,632,0.60
577,632,0.98
578,632,1.00
579,632,1.00
580,632,1.00
581,632,1.00
582,627,0.30
582,628,0.30
582,629,0.60
582,630,0.68
582,631,1.00
582,632,1.00
576,633,0.30
577,633,0.60
578,633,0.96
579,633,1.00
580,633,1.00
581,633,1.00
582,633,1.00
583,629,0.30
583,630,0.30
583,631,0.60
583,632,0.96
583,633,1.00
577,634,0.30
578,634,0.38
579,634,1.00
580,634,1.00
581,634,1.00
582,634,1.00
583,634,1.00
577,635,0.30
578,635,0.30
579,635,0.90
580,635,1.00
581,635,1.00
582,635,1.00
583,635,1.00
584,631,0.30
585,631,0.30
584,632,0.38
585,632,0.30
584,633,1.00
585,633,0.90
584,634,1.00
585,634,1.00
584,635,1.00
585,635,1.00
579,636,0.60
580,636,1.00
581,636,1.00
582,636,1.00
583,636,1.00
584,636,1.00
585,636,1.00
579,637,0.60
580,637,1.00
581,637,1.00
582,637,1.00
583,637,1.00
584,637,1.00
585,637,1.00
579,638,0.30
580,638,0.98
581,638,1.00
582,638,1.00
583,638,1.00
584,638,1.00
585,638,1.00
579,639,0.30
580,639,0.90
581,639,0.98
582,639,1.00
583,639,1.00
584,639,1.00
585,639,0.98
586,633,0.30
586,634,0.60
586,635,0.60
586,636,0.60
586,637,0.60
586,638,0.60
586,639,0.60
580,640,0.30
581,640,0.30
582,640,0.30
583,640,0.30
584,640,0.30
585,640,0.30
586,640,0.30

552,602,0.90
553,602,0.90
554,602,0.90
555,602,0.90
556,602,0.90
557,602,0.60
558,602,0.60
552,603,1.00
553,603,1.00
554,603,1.00
555,603,1.00
556,603,1.00
557,603,0.76
558,603,0.60
552,604,1.00
553,604,1.00
554,604,1.00
555,604,1.00
556,604,1.00
557,604,1.00
558,604,0.60
552,605,1.00
553,605,1.00
554,605,1.00
555,605,1.00
556,605,1.00
557,605,1.00
558,605,0.60
552,606,1.00
553,606,1.00
554,606,1.00
555,606,1.00
556,606,1.00
557,606,1.00
558,606,0.60
552,607,1.00
553,607,1.00
554,607,1.00
555,607,1.00
556,607,1.00
557,607,0.76
558,607,0.60
552,608,0.90
553,608,0.90
554,608,0.90
555,608,0.90
556,608,0.90
557,608,0.60
558,608,0.60
550,602,0.60
551,602,0.60
550,603,0.68
551,603,0.68
550,604,0.96
551,604,0.96
550,605,1.00
551,605,1.00
550,606,0.96
551,606,0.96
550,607,0.68
551,607,0.68
550,608,0.60
551,608,0.60
545,602,1.00
546,602,0.90
547,602,0.90
548,602,0.60
549,602,0.60
545,603,1.00
546,603,1.00
547,603,1.00
548,603,1.00
549,603,0.96
545,604,1.00
546,604,1.00
547,604,1.00
548,604,1.00
549,604,1.00
545,605,1.00
546,605,1.00
547,605,1.00
548,605,1.00
549,605,1.00
545,606,1.00
546,606,1.00
547,606,1.00
548,606,1.00
549,606,1.00
545,607,1.00
546,607,1.00
547,607,1.00
548,607,1.00
549,607,0.96
545,608,1.00
546,608,0.90
547,608,0.90
548,608,0.60
549,608,0.60
543,602,1.00
544,602,1.00
543,603,1.00
544,603,1.00
543,604,1.00
544,604,1.00
543,605,1.00
544,605,1.00
543,606,1.00
544,606,1.00
543,607,1.00
544,607,1.00
543,608,1.00
544,608,1.00
541,602,1.00
542,602,1.00
541,603,1.00
542,603,1.00
541,604,1.00
542,604,1.00
541,605,1.00
542,605,1.00
541,606,1.00
542,606,1.00
541,607,1.00
542,607,1.00
541,608,1.00
542,608,1.00
539,602,1.00
540,602,1.00
539,603,1.00
540,603,1.00
539,604,1.00
540,604,1.00
539,605,1.00
540,605,1.00
539,606,1.00
540,606,1.00
539,607,1.00
540,607,1.00
539,608,1.00
540,608,1.00
538,602,1.00
538,603,1.00
538,604,1.00
538,605,1.00
538,606,1.00
538,607,1.00
538,608,1.00
537,602,0.60
537,603,1.00
537,604,1.00
537,605,1.00
537,606,1.00
537,607,1.00
537,608,1.00
536,603,1.00
536,604,1.00
536,605,1.00
536,606,1.00
536,607,1.00
536,608,1.00
536,609,1.00
537,609,1.00
538,609,1.00
539,609,1.00
540,609,1.00
541,609,1.00
542,609,0.60
535,603,0.60
535,604,1.00
535,605,1.00
535,606,1.00
535,607,1.00
535,608,1.00
535,609,1.00
534,604,1.00
534,605,1.00
534,606,1.00
534,607,1.00
534,608,1.00
534,609,1.00
534,610,1.00
535,610,1.00
536,610,1.00
537,610,1.00
538,610,1.00
539,610,1.00
540,610,0.30
533,604,0.90
533,605,1.00
533,606,1.00
533,607,1.00
533,608,1.00
533,609,1.00
533,610,1.00
532,605,1.00
532,606,1.00
532,607,1.00
532,608,1.00
532,609,1.00
532,610,1.00
532,611,1.00
533,611,1.00
534,611,1.00
535,611,1.00
536,611,1.00
537,611,1.00
538,611,0.60
531,605,1.00
531,606,1.00
531,607,1.00
531,608,1.00
531,609,1.00
531,610,1.00
531,611,1.00
530,605,1.00
530,606,1.00
530,607,1.00
530,608,1.00
530,609,1.00
530,610,1.00
530,611,1.00

