309,522,1.00
310,522,1.00
311,522,1.00
312,522,0.95
313,522,0.59
314,522,0.37
315,522,0.10
307,523,1.00
308,523,1.00
309,523,1.00
310,523,1.00
311,523,1.00
312,523,1.00
313,523,1.00
314,523,1.00
315,523,0.72
316,523,0.29
317,523,0.05
306,524,1.00
307,524,1.00
308,524,1.00
309,524,1.00
310,524,1.00
311,524,1.00
312,524,1.00
313,524,1.00
314,524,1.00
315,524,1.00
316,524,0.86
317,524,0.33
318,524,0.05
306,525,1.00
307,525,1.00
308,525,1.00
309,525,1.00
310,525,1.00
311,525,1.00
312,525,1.00
313,525,1.00
314,525,1.00
315,525,1.00
316,525,1.00
317,525,0.79
318,525,0.20
305,526,1.00
306,526,1.00
307,526,1.00
308,526,1.00
309,526,1.00
310,526,1.00
311,526,1.00
312,526,1.00
313,526,1.00
314,526,1.00
315,526,1.00
316,526,1.00
317,526,1.00
318,526,0.52
319,526,0.10
305,527,1.00
306,527,1.00
307,527,1.00
308,527,1.00
309,527,1.00
310,527,1.00
311,527,1.00
312,527,1.00
313,527,1.00
314,527,1.00
315,527,1.00
316,527,1.00
317,527,1.00
318,527,0.78
319,527,0.18
305,528,1.00
306,528,1.00
307,528,1.00
308,528,1.00
309,528,1.00
310,528,1.00
311,528,1.00
312,528,1.00
313,528,1.00
314,528,1.00
315,528,1.00
316,528,1.00
317,528,1.00
318,528,0.94
319,528,0.23
305,529,1.00
306,529,1.00
307,529,1.00
308,529,1.00
309,529,1.00
310,529,1.00
311,529,1.00
312,529,1.00
313,529,1.00
314,529,1.00
315,529,1.00
316,529,1.00
317,529,1.00
318,529,1.00
319,529,0.25
305,530,1.00
306,530,1.00
307,530,1.00
308,530,1.00
309,530,1.00
310,530,1.00
311,530,1.00
312,530,1.00
313,530,1.00
314,530,1.00
315,530,1.00
316,530,1.00
317,530,1.00
318,530,0.94
319,530,0.23
305,531,1.00
306,531,1.00
307,531,1.00
308,531,1.00
309,531,1.00
310,531,1.00
311,531,1.00
312,531,1.00
313,531,1.00
314,531,1.00
315,531,1.00
316,531,1.00
317,531,1.00
318,531,0.78
319,531,0.18
305,532,1.00
306,532,1.00
307,532,1.00
308,532,1.00
309,532,1.00
310,532,1.00
311,532,1.00
312,532,1.00
313,532,1.00
314,532,1.00
315,532,1.00
316,532,1.00
317,532,1.00
318,532,0.52
319,532,0.10
306,533,1.00
307,533,1.00
308,533,1.00
309,533,1.00
310,533,1.00
311,533,1.00
312,533,1.00
313,533,1.00
314,533,1.00
315,533,1.00
316,533,1.00
317,533,0.79
318,533,0.20
306,534,1.00
307,534,1.00
308,534,1.00
309,534,1.00
310,534,1.00
311,534,1.00
312,534,1.00
313,534,1.00
314,534,1.00
315,534,1.00
316,534,0.86
317,534,0.33
318,534,0.05
307,535,1.00
308,535,1.00
309,535,1.00
310,535,1.00
311,535,1.00
312,535,1.00
313,535,1.00
314,535,1.00
315,535,0.72
316,535,0.29
317,535,0.05
309,536,1.00
310,536,1.00
311,536,1.00
312,536,0.91
313,536,0.59
314,536,0.37
315,536,0.10
308,522,1.00
306,523,1.00
305,524,1.00
305,525,1.00
304,526,1.00
304,527,1.00
304,528,1.00
304,529,1.00
304,530,1.00
304,531,1.00
304,532,1.00
305,533,1.00
305,534,1.00
306,535,1.00
308,536,0.91
306,522,1.00
307,522,1.00
304,523,1.00
305,523,1.00
303,524,1.00
304,524,1.00
303,525,1.00
304,525,1.00
302,526,1.00
303,526,1.00
302,527,1.00
303,527,1.00
302,528,1.00
303,528,1.00
302,529,1.00
303,529,1.00
302,530,1.00
303,530,1.00
302,531,1.00
303,531,1.00
302,532,1.00
303,532,1.00
303,533,1.00
304,533,1.00
303,534,1.00
304,534,1.00
304,535,0.57
305,535,1.00
306,536,0.37
307,536,0.59
305,522,1.00
303,523,1.00
302,524,1.00
302,525,1.00
301,526,1.00
301,527,1.00
301,528,1.00
301,529,1.00
301,530,1.00
301,531,1.00
301,532,1.00
302,533,1.00
302,534,0.39
303,535,0.14
305,536,0.10
304,521,1.00
305,521,1.00
306,521,1.00
307,521,1.00
308,521,1.00
309,521,0.90
310,521,0.19
302,522,1.00
303,522,1.00
304,522,1.00
301,523,1.00
302,523,1.00
301,524,1.00
300,525,1.00
301,525,1.00
300,526,1.00
300,527,1.00
300,528,1.00
300,529,1.00
300,530,1.00
300,531,1.00
301,533,0.57
303,521,1.00
301,522,1.00
300,523,1.00
300,524,1.00
299,525,1.00
299,526,1.00
299,527,1.00
299,528,1.00
299,529,1.00
299,530,1.00
299,531,0.90
300,532,0.72
300,533,0.09
301,534,0.05
302,520,1.00
303,520,1.00
304,520,1.00
305,520,1.00
306,520,1.00
307,520,1.00
308,520,0.53
300,521,1.00
301,521,1.00
302,521,1.00
299,522,1.00
300,522,1.00
299,523,1.00
298,524,1.00
299,524,1.00
298,525,1.00
298,526,1.00
298,527,1.00
298,528,1.00
298,529,1.00
298,530,1.00
299,532,0.09
301,519,1.00
302,519,1.00
303,519,1.00
304,519,1.00
305,519,1.00
306,519,1.00
307,519,0.34
299,520,1.00
300,520,1.00
301,520,1.00
309,520,0.09
298,521,1.00
299,521,1.00
298,522,1.00
297,523,1.00
298,523,1.00
297,524,1.00
297,525,1.00
297,526,1.00
297,527,1.00
297,528,1.00
297,529,1.00
298,531,0.19
300,518,1.00
301,518,1.00
302,518,1.00
303,518,1.00
304,518,1.00
305,518,0.81
306,518,0.19
298,519,1.00
299,519,1.00
300,519,1.00
308,519,0.05
297,520,1.00
298,520,1.00
297,521,1.00
296,522,1.00
297,522,1.00
296,523,1.00
296,524,1.00
296,525,1.00
296,526,1.00
296,527,1.00
296,528,1.00
297,530,0.34
298,517,1.00
299,517,1.00
300,517,1.00
301,517,1.00
302,517,1.00
303,517,1.00
304,517,0.57
296,518,1.00
297,518,1.00
298,518,1.00
299,518,1.00
295,519,1.00
296,519,1.00
297,519,1.00
295,520,1.00
296,520,1.00
294,521,1.00
295,521,1.00
296,521,1.00
294,522,1.00
295,522,1.00
294,523,1.00
295,523,1.00
294,524,1.00
295,524,1.00
294,525,1.00
295,525,1.00
294,526,1.00
295,526,1.00
294,527,1.00
295,527,1.00
295,528,1.00
295,529,0.19
296,529,0.71
296,530,0.05
297,516,1.00
298,516,1.00
299,516,1.00
300,516,1.00
301,516,1.00
302,516,1.00
303,516,0.39
295,517,1.00
296,517,1.00
297,517,1.00
305,517,0.09
294,518,1.00
295,518,1.00
294,519,1.00
293,520,1.00
294,520,1.00
293,521,1.00
293,522,1.00
293,523,1.00
293,524,1.00
293,525,1.00
293,526,1.00
294,528,0.39
296,515,1.00
297,515,1.00
298,515,1.00
299,515,1.00
300,515,1.00
301,515,0.90
302,515,0.19
294,516,1.00
295,516,1.00
296,516,1.00
304,516,0.05
293,517,1.00
294,517,1.00
293,518,1.00
292,519,1.00
293,519,1.00
292,520,1.00
292,521,1.00
292,522,1.00
292,523,1.00
292,524,1.00
292,525,1.00
293,527,0.57
295,515,1.00
293,516,1.00
292,517,1.00
292,518,1.00
291,519,1.00
291,520,1.00
291,521,1.00
291,522,1.00
291,523,1.00
291,524,1.00
291,525,1.00
292,526,0.90
292,527,0.09
293,528,0.05
294,514,1.00
295,514,1.00
296,514,1.00
297,514,1.00
298,514,1.00
299,514,1.00
300,514,0.57
292,515,1.00
293,515,1.00
294,515,1.00
291,516,1.00
292,516,1.00
291,517,1.00
290,518,1.00
291,518,1.00
290,519,1.00
290,520,1.00
290,521,1.00
290,522,1.00
290,523,1.00
290,524,1.00
291,526,0.19
293,513,1.00
294,513,1.00
295,513,1.00
296,513,1.00
297,513,1.00
298,513,0.98
299,513,0.39
291,514,1.00
292,514,1.00
293,514,1.00
301,514,0.09
290,515,1.00
291,515,1.00
290,516,1.00
289,517,1.00
290,517,1.00
289,518,1.00
289,519,1.00
289,520,1.00
289,521,1.00
289,522,1.00
289,523,1.00
290,525,0.57
292,512,1.00
293,512,1.00
294,512,1.00
295,512,1.00
296,512,1.00
297,512,0.62
298,512,0.14
290,513,1.00
291,513,1.00
292,513,1.00
300,513,0.05
289,514,1.00
290,514,1.00
289,515,1.00
288,516,1.00
289,516,1.00
288,517,1.00
288,518,1.00
288,519,1.00
288,520,1.00
288,521,1.00
288,522,1.00
289,524,1.00
291,512,1.00
289,513,1.00
288,514,1.00
288,515,1.00
287,516,1.00
287,517,1.00
287,518,1.00
287,519,1.00
287,520,1.00
287,521,1.00
287,522,1.00
288,523,1.00
288,524,0.48
289,525,0.14
290,511,1.00
291,511,1.00
292,511,1.00
293,511,1.00
294,511,1.00
295,511,0.90
296,511,0.24
288,512,1.00
289,512,1.00
290,512,1.00
287,513,1.00
288,513,1.00
287,514,1.00
286,515,1.00
287,515,1.00
286,516,1.00
286,517,1.00
286,518,1.00
286,519,1.00
286,520,1.00
286,521,1.00
287,523,1.00
289,511,1.00
287,512,1.00
286,513,1.00
286,514,1.00
285,515,1.00
285,516,1.00
285,517,1.00
285,518,1.00
285,519,1.00
285,520,1.00
285,521,1.00
286,522,1.00
286,523,0.32
287,524,0.05
288,510,1.00
289,510,1.00
290,510,1.00
291,510,1.00
292,510,1.00
293,510,0.78
294,510,0.39
286,511,1.00
287,511,1.00
288,511,1.00
285,512,1.00
286,512,1.00
285,513,1.00
284,514,1.00
285,514,1.00
284,515,1.00
284,516,1.00
284,517,1.00
284,518,1.00
284,519,1.00
284,520,1.00
285,522,0.65
287,509,1.00
288,509,1.00
289,509,1.00
290,509,1.00
291,509,0.57
292,509,0.23
293,509,0.10
285,510,1.00
286,510,1.00
287,510,1.00
295,510,0.05
284,511,1.00
285,511,1.00
284,512,1.00
283,513,1.00
284,513,1.00
283,514,1.00
283,515,1.00
283,516,1.00
283,517,1.00
283,518,1.00
283,519,1.00
284,521,1.00
285,509,1.00
286,509,1.00
283,510,1.00
284,510,1.00
282,511,1.00
283,511,1.00
282,512,1.00
283,512,1.00
281,513,1.00
282,513,1.00
281,514,1.00
282,514,1.00
281,515,1.00
282,515,1.00
281,516,1.00
282,516,1.00
281,517,1.00
282,517,1.00
281,518,1.00
282,518,1.00
281,519,1.00
282,519,1.00
282,520,0.93
283,520,1.00
282,521,0.19
283,521,0.61
283,522,0.05
284,522,0.29
285,523,0.10
284,508,1.00
285,508,1.00
286,508,1.00
287,508,1.00
288,508,1.00
289,508,0.61
290,508,0.19
282,509,1.00
283,509,1.00
284,509,1.00
281,510,1.00
282,510,1.00
281,511,1.00
280,512,1.00
281,512,1.00
280,513,1.00
280,514,1.00
280,515,1.00
280,516,1.00
280,517,1.00
280,518,1.00
281,520,0.34
282,507,1.00
283,507,1.00
284,507,1.00
285,507,1.00
286,507,1.00
287,507,0.74
288,507,0.34
280,508,1.00
281,508,1.00
282,508,1.00
283,508,1.00
279,509,1.00
280,509,1.00
281,509,1.00
279,510,1.00
280,510,1.00
278,511,1.00
279,511,1.00
280,511,1.00
278,512,1.00
279,512,1.00
278,513,1.00
279,513,1.00
278,514,1.00
279,514,1.00
278,515,1.00
279,515,1.00
278,516,1.00
279,516,1.00
278,517,1.00
279,517,1.00
279,518,0.98
279,519,0.19
280,519,0.61
280,520,0.05
281,506,1.00
282,506,1.00
283,506,1.00
284,506,1.00
285,506,0.79
286,506,0.42
287,506,0.14
279,507,1.00
280,507,1.00
281,507,1.00
289,507,0.05
278,508,1.00
279,508,1.00
278,509,1.00
277,510,1.00
278,510,1.00
277,511,1.00
277,512,1.00
277,513,1.00
277,514,1.00
277,515,1.00
277,516,1.00
278,518,0.42
279,505,1.00
280,505,1.00
281,505,1.00
282,505,1.00
283,505,0.75
284,505,0.38
285,505,0.14
277,506,1.00
278,506,1.00
279,506,1.00
280,506,1.00
276,507,1.00
277,507,1.00
278,507,1.00
276,508,1.00
277,508,1.00
275,509,1.00
276,509,1.00
277,509,1.00
275,510,1.00
276,510,1.00
275,511,1.00
276,511,1.00
275,512,1.00
276,512,1.00
275,513,1.00
276,513,1.00
275,514,1.00
276,514,1.00
275,515,1.00
276,515,1.00
276,516,0.83
276,517,0.24
277,517,0.56
277,518,0.14
277,504,1.00
278,504,1.00
279,504,1.00
280,504,1.00
281,504,0.83
282,504,0.41
283,504,0.14
275,505,1.00
276,505,1.00
277,505,1.00
278,505,1.00
274,506,1.00
275,506,1.00
276,506,1.00
274,507,1.00
275,507,1.00
273,508,1.00
274,508,1.00
275,508,1.00
273,509,1.00
274,509,1.00
273,510,1.00
274,510,1.00
273,511,1.00
274,511,1.00
273,512,1.00
274,512,1.00
273,513,1.00
274,513,1.00
273,514,0.91
274,514,1.00
274,515,0.75
274,516,0.14
275,516,0.41
275,517,0.05
274,502,1.00
275,502,1.00
276,502,1.00
277,502,0.87
278,502,0.56
279,502,0.38
280,502,0.14
272,503,1.00
273,503,1.00
274,503,1.00
275,503,1.00
276,503,1.00
277,503,1.00
278,503,1.00
279,503,0.82
280,503,0.56
281,503,0.24
282,503,0.05
271,504,1.00
272,504,1.00
273,504,1.00
274,504,1.00
275,504,1.00
276,504,1.00
271,505,1.00
272,505,1.00
273,505,1.00
274,505,1.00
270,506,1.00
271,506,1.00
272,506,1.00
273,506,1.00
270,507,1.00
271,507,1.00
272,507,1.00
273,507,1.00
270,508,1.00
271,508,1.00
272,508,1.00
270,509,1.00
271,509,1.00
272,509,1.00
270,510,1.00
271,510,1.00
272,510,1.00
270,511,1.00
271,511,1.00
272,511,1.00
270,512,1.00
271,512,1.00
272,512,1.00
271,513,0.85
272,513,1.00
271,514,0.24
272,514,0.56
272,515,0.14
273,515,0.38
272,501,1.00
273,501,1.00
274,501,1.00
275,501,0.75
276,501,0.46
277,501,0.23
278,501,0.10
270,502,1.00
271,502,1.00
272,502,1.00
273,502,1.00
269,503,1.00
270,503,1.00
271,503,1.00
269,504,1.00
270,504,1.00
268,505,1.00
269,505,1.00
270,505,1.00
268,506,1.00
269,506,1.00
268,507,1.00
269,507,1.00
268,508,1.00
269,508,1.00
268,509,1.00
269,509,1.00
268,510,1.00
269,510,1.00
268,511,1.00
269,511,1.00
269,512,1.00
269,513,1.00
270,513,0.86
270,514,0.14
268,499,1.00
269,499,1.00
270,499,1.00
271,499,1.00
272,499,0.73
273,499,0.41
274,499,0.14
266,500,1.00
267,500,1.00
268,500,1.00
269,500,1.00
270,500,1.00
271,500,1.00
272,500,1.00
273,500,0.82
274,500,0.52
275,500,0.20
276,500,0.05
265,501,1.00
266,501,1.00
267,501,1.00
268,501,1.00
269,501,1.00
270,501,1.00
271,501,1.00
265,502,1.00
266,502,1.00
267,502,1.00
268,502,1.00
269,502,1.00
264,503,1.00
265,503,1.00
266,503,1.00
267,503,1.00
268,503,1.00
264,504,1.00
265,504,1.00
266,504,1.00
267,504,1.00
268,504,1.00
264,505,1.00
265,505,1.00
266,505,1.00
267,505,1.00
264,506,1.00
265,506,1.00
266,506,1.00
267,506,1.00
264,507,1.00
265,507,1.00
266,507,1.00
267,507,1.00
264,508,1.00
265,508,1.00
266,508,1.00
267,508,1.00
264,509,1.00
265,509,1.00
266,509,1.00
267,509,1.00
265,510,1.00
266,510,1.00
267,510,1.00
265,511,1.00
266,511,1.00
267,511,1.00
266,512,1.00
267,512,1.00
268,512,1.00
268,513,1.00
265,497,1.00
266,497,1.00
267,497,1.00
268,497,1.00
269,497,0.73
270,497,0.41
271,497,0.14
263,498,1.00
264,498,1.00
265,498,1.00
266,498,1.00
267,498,1.00
268,498,1.00
269,498,1.00
270,498,0.82
271,498,0.52
272,498,0.20
273,498,0.05
262,499,1.00
263,499,1.00
264,499,1.00
265,499,1.00
266,499,1.00
267,499,1.00
262,500,1.00
263,500,1.00
264,500,1.00
265,500,1.00
261,501,1.00
262,501,1.00
263,501,1.00
264,501,1.00
261,502,1.00
262,502,1.00
263,502,1.00
264,502,1.00
261,503,1.00
262,503,1.00
263,503,1.00
261,504,1.00
262,504,1.00
263,504,1.00
261,505,1.00
262,505,1.00
263,505,1.00
261,506,1.00
262,506,1.00
263,506,1.00
261,507,1.00
262,507,1.00
263,507,1.00
262,508,1.00
263,508,1.00
262,509,1.00
263,509,1.00
263,510,1.00
264,510,1.00
262,495,1.00
263,495,1.00
264,495,1.00
265,495,1.00
266,495,0.73
267,495,0.41
268,495,0.14
260,496,1.00
261,496,1.00
262,496,1.00
263,496,1.00
264,496,1.00
265,496,1.00
266,496,1.00
267,496,0.82
268,496,0.52
269,496,0.20
270,496,0.05
259,497,1.00
260,497,1.00
261,497,1.00
262,497,1.00
263,497,1.00
264,497,1.00
259,498,1.00
260,498,1.00
261,498,1.00
262,498,1.00
258,499,1.00
259,499,1.00
260,499,1.00
261,499,1.00
258,500,1.00
259,500,1.00
260,500,1.00
261,500,1.00
258,501,1.00
259,501,1.00
260,501,1.00
258,502,1.00
259,502,1.00
260,502,1.00
258,503,1.00
259,503,1.00
260,503,1.00
258,504,1.00
259,504,1.00
260,504,1.00
258,505,1.00
259,505,1.00
260,505,1.00
259,506,1.00
260,506,1.00
259,507,1.00
260,507,1.00
260,508,1.00
261,508,1.00
259,493,1.00
260,493,1.00
261,493,1.00
262,493,0.99
263,493,0.63
264,493,0.41
265,493,0.14
257,494,1.00
258,494,1.00
259,494,1.00
260,494,1.00
261,494,1.00
262,494,1.00
263,494,1.00
264,494,0.82
265,494,0.52
266,494,0.20
267,494,0.05
256,495,1.00
257,495,1.00
258,495,1.00
259,495,1.00
260,495,1.00
261,495,1.00
256,496,1.00
257,496,1.00
258,496,1.00
259,496,1.00
255,497,1.00
256,497,1.00
257,497,1.00
258,497,1.00
255,498,1.00
256,498,1.00
257,498,1.00
258,498,1.00
255,499,1.00
256,499,1.00
257,499,1.00
255,500,1.00
256,500,1.00
257,500,1.00
255,501,1.00
256,501,1.00
257,501,1.00
255,502,1.00
256,502,1.00
257,502,1.00
255,503,1.00
256,503,1.00
257,503,1.00
256,504,1.00
257,504,1.00
256,505,1.00
257,505,1.00
257,506,1.00
258,506,1.00
256,491,1.00
257,491,1.00
258,491,1.00
259,491,0.97
260,491,0.63
261,491,0.23
262,491,0.10
254,492,1.00
255,492,1.00
256,492,1.00
257,492,1.00
258,492,1.00
259,492,1.00
260,492,1.00
261,492,0.75
262,492,0.37
263,492,0.20
264,492,0.05
253,493,1.00
254,493,1.00
255,493,1.00
256,493,1.00
257,493,1.00
258,493,1.00
253,494,1.00
254,494,1.00
255,494,1.00
256,494,1.00
252,495,1.00
253,495,1.00
254,495,1.00
255,495,1.00
252,496,1.00
253,496,1.00
254,496,1.00
255,496,1.00
252,497,1.00
253,497,1.00
254,497,1.00
252,498,1.00
253,498,1.00
254,498,1.00
252,499,1.00
253,499,1.00
254,499,1.00
252,500,1.00
253,500,1.00
254,500,1.00
252,501,1.00
253,501,1.00
254,501,1.00
253,502,1.00
254,502,1.00
253,503,1.00
254,503,1.00
254,504,1.00
255,504,1.00
253,490,1.00
254,490,1.00
255,490,1.00
256,490,1.00
257,490,1.00
258,490,0.68
259,490,0.33
251,491,1.00
252,491,1.00
253,491,1.00
254,491,1.00
255,491,1.00
250,492,1.00
251,492,1.00
252,492,1.00
253,492,1.00
250,493,1.00
251,493,1.00
252,493,1.00
249,494,1.00
250,494,1.00
251,494,1.00
252,494,1.00
249,495,1.00
250,495,1.00
251,495,1.00
249,496,1.00
250,496,1.00
251,496,1.00
249,497,1.00
250,497,1.00
251,497,1.00
249,498,1.00
250,498,1.00
251,498,1.00
249,499,1.00
250,499,1.00
251,499,1.00
249,500,1.00
250,500,1.00
251,500,1.00
250,501,1.00
251,501,1.00
250,502,1.00
251,502,1.00
252,502,1.00
251,503,1.00
252,503,1.00
253,504,1.00
251,488,1.00
252,488,1.00
253,488,1.00
254,488,0.99
255,488,0.63
256,488,0.41
257,488,0.14
249,489,1.00
250,489,1.00
251,489,1.00
252,489,1.00
253,489,1.00
254,489,1.00
255,489,1.00
256,489,0.82
257,489,0.52
258,489,0.20
259,489,0.05
248,490,1.00
249,490,1.00
250,490,1.00
251,490,1.00
252,490,1.00
260,490,0.05
248,491,1.00
249,491,1.00
250,491,1.00
247,492,1.00
248,492,1.00
249,492,1.00
247,493,1.00
248,493,1.00
249,493,1.00
247,494,1.00
248,494,1.00
247,495,1.00
248,495,1.00
247,496,1.00
248,496,1.00
247,497,1.00
248,497,1.00
247,498,1.00
248,498,1.00
248,499,1.00
248,500,1.00
249,501,1.00
248,486,1.00
249,486,1.00
250,486,1.00
251,486,1.00
252,486,0.63
253,486,0.23
254,486,0.10
246,487,1.00
247,487,1.00
248,487,1.00
249,487,1.00
250,487,1.00
251,487,1.00
252,487,1.00
253,487,0.75
254,487,0.37
255,487,0.20
256,487,0.05
245,488,1.00
246,488,1.00
247,488,1.00
248,488,1.00
249,488,1.00
250,488,1.00
245,489,1.00
246,489,1.00
247,489,1.00
248,489,1.00
244,490,1.00
245,490,1.00
246,490,1.00
247,490,1.00
244,491,1.00
245,491,1.00
246,491,1.00
247,491,1.00
244,492,1.00
245,492,1.00
246,492,1.00
244,493,1.00
245,493,1.00
246,493,1.00
244,494,1.00
245,494,1.00
246,494,1.00
244,495,1.00
245,495,1.00
246,495,1.00
244,496,1.00
245,496,1.00
246,496,1.00
245,497,1.00
246,497,1.00
245,498,1.00
246,498,1.00
246,499,1.00
247,499,1.00
245,485,1.00
246,485,1.00
247,485,1.00
248,485,1.00
249,485,1.00
250,485,0.78
251,485,0.33
243,486,1.00
244,486,1.00
245,486,1.00
246,486,1.00
247,486,1.00
242,487,1.00
243,487,1.00
244,487,1.00
245,487,1.00
242,488,1.00
243,488,1.00
244,488,1.00
241,489,1.00
242,489,1.00
243,489,1.00
244,489,1.00
241,490,1.00
242,490,1.00
243,490,1.00
241,491,1.00
242,491,1.00
243,491,1.00
241,492,1.00
242,492,1.00
243,492,1.00
241,493,1.00
242,493,1.00
243,493,1.00
241,494,1.00
242,494,1.00
243,494,1.00
241,495,1.00
242,495,1.00
243,495,1.00
242,496,1.00
243,496,1.00
242,497,1.00
243,497,1.00
244,497,1.00
243,498,1.00
244,498,1.00
245,499,1.00
243,483,1.00
244,483,1.00
245,483,1.00
246,483,1.00
247,483,1.00
248,483,0.57
249,483,0.14
241,484,1.00
242,484,1.00
243,484,1.00
244,484,1.00
245,484,1.00
246,484,1.00
247,484,1.00
248,484,1.00
249,484,0.65
250,484,0.24
251,484,0.05
240,485,1.00
241,485,1.00
242,485,1.00
243,485,1.00
244,485,1.00
252,485,0.05
240,486,1.00
241,486,1.00
242,486,1.00
239,487,1.00
240,487,1.00
241,487,1.00
239,488,1.00
240,488,1.00
241,488,1.00
239,489,1.00
240,489,1.00
239,490,1.00
240,490,1.00
239,491,1.00
240,491,1.00
239,492,1.00
240,492,1.00
239,493,1.00
240,493,1.00
240,494,1.00
240,495,1.00
241,496,1.00
241,482,1.00
242,482,1.00
243,482,1.00
244,482,1.00
245,482,1.00
246,482,0.78
247,482,0.33
239,483,1.00
240,483,1.00
241,483,1.00
242,483,1.00
238,484,1.00
239,484,1.00
240,484,1.00
238,485,1.00
239,485,1.00
237,486,1.00
238,486,1.00
239,486,1.00
237,487,1.00
238,487,1.00
237,488,1.00
238,488,1.00
237,489,1.00
238,489,1.00
237,490,1.00
238,490,1.00
237,491,1.00
238,491,1.00
237,492,1.00
238,492,1.00
238,493,1.00
238,494,1.00
239,494,1.00
239,495,1.00
239,480,1.00
240,480,1.00
241,480,1.00
242,480,1.00
243,480,0.98
244,480,0.42
245,480,0.14
237,481,1.00
238,481,1.00
239,481,1.00
240,481,1.00
241,481,1.00
242,481,1.00
243,481,1.00
244,481,1.00
245,481,0.56
246,481,0.24
247,481,0.05
236,482,1.00
237,482,1.00
238,482,1.00
239,482,1.00
240,482,1.00
248,482,0.05
236,483,1.00
237,483,1.00
238,483,1.00
235,484,1.00
236,484,1.00
237,484,1.00
235,485,1.00
236,485,1.00
237,485,1.00
235,486,1.00
236,486,1.00
235,487,1.00
236,487,1.00
235,488,1.00
236,488,1.00
235,489,1.00
236,489,1.00
235,490,1.00
236,490,1.00
236,491,1.00
236,492,1.00
237,493,1.00
237,479,1.00
238,479,1.00
239,479,1.00
240,479,1.00
241,479,1.00
242,479,0.61
243,479,0.19
235,480,1.00
236,480,1.00
237,480,1.00
238,480,1.00
234,481,1.00
235,481,1.00
236,481,1.00
234,482,1.00
235,482,1.00
233,483,1.00
234,483,1.00
235,483,1.00
233,484,1.00
234,484,1.00
233,485,1.00
234,485,1.00
233,486,1.00
234,486,1.00
233,487,1.00
234,487,1.00
233,488,1.00
234,488,1.00
233,489,1.00
234,489,1.00
234,490,1.00
234,491,1.00
235,491,1.00
235,492,1.00
235,478,1.00
236,478,1.00
237,478,1.00
238,478,1.00
239,478,1.00
240,478,0.74
241,478,0.34
233,479,1.00
234,479,1.00
235,479,1.00
236,479,1.00
232,480,1.00
233,480,1.00
234,480,1.00
232,481,1.00
233,481,1.00
231,482,1.00
232,482,1.00
233,482,1.00
231,483,1.00
232,483,1.00
231,484,1.00
232,484,1.00
231,485,1.00
232,485,1.00
231,486,1.00
232,486,1.00
231,487,1.00
232,487,1.00
231,488,1.00
232,488,1.00
232,489,1.00
232,490,1.00
233,490,1.00
233,491,1.00
234,477,1.00
235,477,1.00
236,477,1.00
237,477,1.00
238,477,0.79
239,477,0.42
240,477,0.14
232,478,1.00
233,478,1.00
234,478,1.00
242,478,0.05
231,479,1.00
232,479,1.00
231,480,1.00
230,481,1.00
231,481,1.00
230,482,1.00
230,483,1.00
230,484,1.00
230,485,1.00
230,486,1.00
230,487,1.00
231,489,1.00
232,476,1.00
233,476,1.00
234,476,1.00
235,476,1.00
236,476,0.88
237,476,0.42
238,476,0.14
230,477,1.00
231,477,1.00
232,477,1.00
233,477,1.00
229,478,1.00
230,478,1.00
231,478,1.00
229,479,1.00
230,479,1.00
228,480,1.00
229,480,1.00
230,480,1.00
228,481,1.00
229,481,1.00
228,482,1.00
229,482,1.00
228,483,1.00
229,483,1.00
228,484,1.00
229,484,1.00
228,485,1.00
229,485,1.00
228,486,1.00
229,486,1.00
229,487,1.00
229,488,1.00
230,488,1.00
230,489,1.00
230,475,1.00
231,475,1.00
232,475,1.00
233,475,1.00
234,475,0.95
235,475,0.57
236,475,0.14
228,476,1.00
229,476,1.00
230,476,1.00
231,476,1.00
227,477,1.00
228,477,1.00
229,477,1.00
227,478,1.00
228,478,1.00
226,479,1.00
227,479,1.00
228,479,1.00
226,480,1.00
227,480,1.00
226,481,1.00
227,481,1.00
226,482,1.00
227,482,1.00
226,483,1.00
227,483,1.00
226,484,1.00
227,484,1.00
226,485,1.00
227,485,1.00
227,486,1.00
227,487,1.00
228,487,1.00
228,488,1.00
228,474,1.00
229,474,1.00
230,474,1.00
231,474,1.00
232,474,0.97
233,474,0.58
234,474,0.33
226,475,1.00
227,475,1.00
228,475,1.00
229,475,1.00
225,476,1.00
226,476,1.00
227,476,1.00
225,477,1.00
226,477,1.00
224,478,1.00
225,478,1.00
226,478,1.00
224,479,1.00
225,479,1.00
224,480,1.00
225,480,1.00
224,481,1.00
225,481,1.00
224,482,1.00
225,482,1.00
224,483,1.00
225,483,1.00
224,484,1.00
225,484,1.00
225,485,1.00
225,486,1.00
226,486,1.00
226,487,1.00
226,472,1.00
227,472,1.00
228,472,0.88
229,472,0.62
230,472,0.43
231,472,0.23
232,472,0.10
224,473,1.00
225,473,1.00
226,473,1.00
227,473,1.00
228,473,1.00
229,473,1.00
230,473,0.88
231,473,0.65
232,473,0.37
233,473,0.20
234,473,0.05
223,474,1.00
224,474,1.00
225,474,1.00
226,474,1.00
227,474,1.00
235,474,0.05
223,475,1.00
224,475,1.00
225,475,1.00
222,476,1.00
223,476,1.00
224,476,1.00
222,477,1.00
223,477,1.00
224,477,1.00
222,478,1.00
223,478,1.00
222,479,1.00
223,479,1.00
222,480,1.00
223,480,1.00
222,481,1.00
223,481,1.00
222,482,1.00
223,482,1.00
223,483,1.00
223,484,1.00
224,485,1.00
223,471,1.00
224,471,1.00
225,471,1.00
226,471,0.91
227,471,0.43
228,471,0.23
229,471,0.10
221,472,1.00
222,472,1.00
223,472,1.00
224,472,1.00
225,472,1.00
220,473,1.00
221,473,1.00
222,473,1.00
223,473,1.00
220,474,1.00
221,474,1.00
222,474,1.00
219,475,1.00
220,475,1.00
221,475,1.00
222,475,1.00
219,476,1.00
220,476,1.00
221,476,1.00
219,477,1.00
220,477,1.00
221,477,1.00
219,478,1.00
220,478,1.00
221,478,1.00
219,479,1.00
220,479,1.00
221,479,1.00
219,480,1.00
220,480,1.00
221,480,1.00
219,481,1.00
220,481,1.00
221,481,1.00
220,482,1.00
221,482,1.00
220,483,1.00
221,483,1.00
222,483,1.00
221,484,1.00
222,484,1.00
223,485,1.00
220,470,1.00
221,470,1.00
222,470,1.00
223,470,1.00
224,470,1.00
225,470,0.61
226,470,0.14
218,471,1.00
219,471,1.00
220,471,1.00
221,471,1.00
222,471,1.00
217,472,1.00
218,472,1.00
219,472,1.00
220,472,1.00
217,473,1.00
218,473,1.00
219,473,1.00
216,474,1.00
217,474,1.00
218,474,1.00
219,474,1.00
216,475,1.00
217,475,1.00
218,475,1.00
216,476,1.00
217,476,1.00
218,476,1.00
216,477,1.00
217,477,1.00
218,477,1.00
216,478,1.00
217,478,1.00
218,478,1.00
216,479,1.00
217,479,1.00
218,479,1.00
216,480,1.00
217,480,1.00
218,480,1.00
217,481,1.00
218,481,1.00
217,482,0.96
218,482,1.00
219,482,1.00
218,483,1.00
219,483,1.00
220,484,1.00
217,468,1.00
218,468,1.00
219,468,1.00
220,468,1.00
221,468,1.00
222,468,1.00
223,468,0.62
215,469,1.00
216,469,1.00
217,469,1.00
218,469,1.00
219,469,1.00
220,469,1.00
221,469,1.00
222,469,1.00
223,469,1.00
224,469,0.61
225,469,0.09
214,470,1.00
215,470,1.00
216,470,1.00
217,470,1.00
218,470,1.00
219,470,1.00
214,471,1.00
215,471,1.00
216,471,1.00
217,471,1.00
213,472,1.00
214,472,1.00
215,472,1.00
216,472,1.00
213,473,1.00
214,473,1.00
215,473,1.00
216,473,1.00
213,474,1.00
214,474,1.00
215,474,1.00
213,475,1.00
214,475,1.00
215,475,1.00
213,476,1.00
214,476,1.00
215,476,1.00
213,477,1.00
214,477,1.00
215,477,1.00
213,478,1.00
214,478,1.00
215,478,1.00
214,479,1.00
215,479,1.00
214,480,0.61
215,480,1.00
215,481,0.48
216,481,1.00
213,467,1.00
214,467,1.00
215,467,1.00
216,467,1.00
217,467,1.00
218,467,1.00
219,467,1.00
211,468,1.00
212,468,1.00
213,468,1.00
214,468,1.00
215,468,1.00
216,468,1.00
210,469,1.00
211,469,1.00
212,469,1.00
213,469,1.00
214,469,1.00
210,470,1.00
211,470,1.00
212,470,1.00
213,470,1.00
209,471,1.00
210,471,1.00
211,471,1.00
212,471,1.00
213,471,1.00
209,472,1.00
210,472,1.00
211,472,1.00
212,472,1.00
209,473,1.00
210,473,1.00
211,473,1.00
212,473,1.00
209,474,1.00
210,474,1.00
211,474,1.00
212,474,1.00
209,475,1.00
210,475,1.00
211,475,1.00
212,475,1.00
209,476,1.00
210,476,1.00
211,476,1.00
212,476,1.00
209,477,0.64
210,477,0.98
211,477,1.00
212,477,1.00
210,478,0.62
211,478,0.88
212,478,1.00
210,479,0.23
211,479,0.46
212,479,0.65
213,479,0.82
211,480,0.05
212,480,0.20
213,480,0.32
213,481,0.10
214,481,0.18
209,465,1.00
210,465,1.00
211,465,1.00
212,465,1.00
213,465,1.00
214,465,1.00
215,465,1.00
207,466,1.00
208,466,1.00
209,466,1.00
210,466,1.00
211,466,1.00
212,466,1.00
213,466,1.00
214,466,1.00
215,466,1.00
216,466,1.00
217,466,1.00
206,467,1.00
207,467,1.00
208,467,1.00
209,467,1.00
210,467,1.00
211,467,1.00
212,467,1.00
206,468,1.00
207,468,1.00
208,468,1.00
209,468,1.00
210,468,1.00
205,469,1.00
206,469,1.00
207,469,1.00
208,469,1.00
209,469,1.00
205,470,1.00
206,470,1.00
207,470,1.00
208,470,1.00
209,470,1.00
205,471,1.00
206,471,1.00
207,471,1.00
208,471,1.00
205,472,1.00
206,472,1.00
207,472,1.00
208,472,1.00
205,473,1.00
206,473,1.00
207,473,1.00
208,473,1.00
205,474,0.90
206,474,1.00
207,474,1.00
208,474,1.00
205,475,0.42
206,475,0.74
207,475,1.00
208,475,1.00
206,476,0.38
207,476,0.63
208,476,0.84
206,477,0.05
207,477,0.23
208,477,0.40
207,478,0.05
208,478,0.20
209,478,0.32
209,479,0.10
205,462,1.00
206,462,1.00
207,462,1.00
208,462,1.00
209,462,1.00
210,462,1.00
211,462,1.00
203,463,1.00
204,463,1.00
205,463,1.00
206,463,1.00
207,463,1.00
208,463,1.00
209,463,1.00
210,463,1.00
211,463,1.00
212,463,1.00
213,463,1.00
202,464,1.00
203,464,1.00
204,464,1.00
205,464,1.00
206,464,1.00
207,464,1.00
208,464,1.00
209,464,1.00
210,464,1.00
211,464,1.00
212,464,1.00
213,464,1.00
214,464,1.00
202,465,1.00
203,465,1.00
204,465,1.00
205,465,1.00
206,465,1.00
207,465,1.00
208,465,1.00
201,466,1.00
202,466,1.00
203,466,1.00
204,466,1.00
205,466,1.00
206,466,1.00
201,467,1.00
202,467,1.00
203,467,1.00
204,467,1.00
205,467,1.00
201,468,1.00
202,468,1.00
203,468,1.00
204,468,1.00
205,468,1.00
201,469,1.00
202,469,1.00
203,469,1.00
204,469,1.00
201,470,1.00
202,470,1.00
203,470,1.00
204,470,1.00
201,471,1.00
202,471,1.00
203,471,1.00
204,471,1.00
201,472,0.75
202,472,1.00
203,472,1.00
204,472,1.00
202,473,0.68
203,473,0.90
204,473,1.00
202,474,0.28
203,474,0.48
204,474,0.63
203,475,0.05
204,475,0.20
205,476,0.10
200,460,1.00
201,460,1.00
202,460,1.00
203,460,1.00
204,460,1.00
205,460,1.00
206,460,1.00
198,461,1.00
199,461,1.00
200,461,1.00
201,461,1.00
202,461,1.00
203,461,1.00
204,461,1.00
205,461,1.00
206,461,1.00
207,461,1.00
208,461,1.00
197,462,1.00
198,462,1.00
199,462,1.00
200,462,1.00
201,462,1.00
202,462,1.00
203,462,1.00
204,462,1.00
197,463,1.00
198,463,1.00
199,463,1.00
200,463,1.00
201,463,1.00
202,463,1.00
196,464,1.00
197,464,1.00
198,464,1.00
199,464,1.00
200,464,1.00
201,464,1.00
196,465,1.00
197,465,1.00
198,465,1.00
199,465,1.00
200,465,1.00
201,465,1.00
196,466,1.00
197,466,1.00
198,466,1.00
199,466,1.00
200,466,1.00
196,467,1.00
197,467,1.00
198,467,1.00
199,467,1.00
200,467,1.00
196,468,1.00
197,468,1.00
198,468,1.00
199,468,1.00
200,468,1.00
196,469,0.72
197,469,1.00
198,469,1.00
199,469,1.00
200,469,1.00
196,470,0.42
197,470,0.74
198,470,1.00
199,470,1.00
200,470,1.00
197,471,0.38
198,471,0.63
199,471,0.84
200,471,0.98
197,472,0.05
198,472,0.23
199,472,0.40
200,472,0.54
198,473,0.05
199,473,0.20
200,473,0.32
201,473,0.42
200,474,0.10
201,474,0.18
196,457,1.00
197,457,1.00
198,457,1.00
199,457,1.00
200,457,1.00
201,457,1.00
202,457,1.00
194,458,1.00
195,458,1.00
196,458,1.00
197,458,1.00
198,458,1.00
199,458,1.00
200,458,1.00
201,458,1.00
202,458,1.00
203,458,1.00
204,458,1.00
193,459,1.00
194,459,1.00
195,459,1.00
196,459,1.00
197,459,1.00
198,459,1.00
199,459,1.00
200,459,1.00
201,459,1.00
202,459,1.00
203,459,1.00
204,459,1.00
205,459,1.00
193,460,1.00
194,460,1.00
195,460,1.00
196,460,1.00
197,460,1.00
198,460,1.00
199,460,1.00
192,461,1.00
193,461,1.00
194,461,1.00
195,461,1.00
196,461,1.00
197,461,1.00
192,462,1.00
193,462,1.00
194,462,1.00
195,462,1.00
196,462,1.00
192,463,1.00
193,463,1.00
194,463,1.00
195,463,1.00
196,463,1.00
192,464,1.00
193,464,1.00
194,464,1.00
195,464,1.00
192,465,1.00
193,465,1.00
194,465,1.00
195,465,1.00
192,466,0.93
193,466,1.00
194,466,1.00
195,466,1.00
192,467,0.51
193,467,0.80
194,467,1.00
195,467,1.00
193,468,0.43
194,468,0.65
195,468,0.82
193,469,0.05
194,469,0.23
195,469,0.40
194,470,0.05
195,470,0.20
196,471,0.10
191,454,1.00
192,454,1.00
193,454,1.00
194,454,1.00
195,454,1.00
196,454,1.00
197,454,1.00
189,455,1.00
190,455,1.00
191,455,1.00
192,455,1.00
193,455,1.00
194,455,1.00
195,455,1.00
196,455,1.00
197,455,1.00
198,455,1.00
199,455,1.00
188,456,1.00
189,456,1.00
190,456,1.00
191,456,1.00
192,456,1.00
193,456,1.00
194,456,1.00
195,456,1.00
196,456,1.00
197,456,1.00
198,456,1.00
199,456,1.00
200,456,1.00
188,457,1.00
189,457,1.00
190,457,1.00
191,457,1.00
192,457,1.00
193,457,1.00
194,457,1.00
195,457,1.00
187,458,1.00
188,458,1.00
189,458,1.00
190,458,1.00
191,458,1.00
192,458,1.00
193,458,1.00
187,459,1.00
188,459,1.00
189,459,1.00
190,459,1.00
191,459,1.00
192,459,1.00
187,460,1.00
188,460,1.00
189,460,1.00
190,460,1.00
191,460,1.00
192,460,1.00
187,461,1.00
188,461,1.00
189,461,1.00
190,461,1.00
191,461,1.00
187,462,1.00
188,462,1.00
189,462,1.00
190,462,1.00
191,462,1.00
187,463,1.00
188,463,1.00
189,463,1.00
190,463,1.00
191,463,1.00
187,464,0.75
188,464,1.00
189,464,1.00
190,464,1.00
191,464,1.00
188,465,0.68
189,465,0.90
190,465,1.00
191,465,1.00
188,466,0.28
189,466,0.48
190,466,0.63
191,466,0.72
189,467,0.05
190,467,0.20
191,467,0.32
191,468,0.10
192,468,0.18
186,452,1.00
187,452,1.00
188,452,1.00
189,452,1.00
190,452,1.00
191,452,1.00
192,452,1.00
184,453,1.00
185,453,1.00
186,453,1.00
187,453,1.00
188,453,1.00
189,453,1.00
190,453,1.00
191,453,1.00
192,453,1.00
193,453,1.00
194,453,1.00
183,454,1.00
184,454,1.00
185,454,1.00
186,454,1.00
187,454,1.00
188,454,1.00
189,454,1.00
190,454,1.00
183,455,1.00
184,455,1.00
185,455,1.00
186,455,1.00
187,455,1.00
188,455,1.00
182,456,1.00
183,456,1.00
184,456,1.00
185,456,1.00
186,456,1.00
187,456,1.00
182,457,1.00
183,457,1.00
184,457,1.00
185,457,1.00
186,457,1.00
187,457,1.00
182,458,1.00
183,458,1.00
184,458,1.00
185,458,1.00
186,458,1.00
182,459,1.00
183,459,1.00
184,459,1.00
185,459,1.00
186,459,1.00
182,460,1.00
183,460,1.00
184,460,1.00
185,460,1.00
186,460,1.00
182,461,1.00
183,461,1.00
184,461,1.00
185,461,1.00
186,461,1.00
182,462,0.54
183,462,0.88
184,462,1.00
185,462,1.00
186,462,1.00
183,463,0.29
184,463,0.58
185,463,0.82
186,463,1.00
183,464,0.05
184,464,0.23
185,464,0.40
186,464,0.54
184,465,0.05
185,465,0.20
186,465,0.32
187,465,0.42
186,466,0.10
187,466,0.18
183,449,1.00
184,449,1.00
185,449,1.00
186,449,1.00
187,449,1.00
188,449,1.00
189,449,1.00
181,450,1.00
182,450,1.00
183,450,1.00
184,450,1.00
185,450,1.00
186,450,1.00
187,450,1.00
188,450,1.00
189,450,1.00
190,450,1.00
191,450,1.00
180,451,1.00
181,451,1.00
182,451,1.00
183,451,1.00
184,451,1.00
185,451,1.00
186,451,1.00
187,451,1.00
188,451,1.00
189,451,1.00
190,451,1.00
191,451,1.00
192,451,1.00
180,452,1.00
181,452,1.00
182,452,1.00
183,452,1.00
184,452,1.00
185,452,1.00
179,453,1.00
180,453,1.00
181,453,1.00
182,453,1.00
183,453,1.00
179,454,1.00
180,454,1.00
181,454,1.00
182,454,1.00
179,455,1.00
180,455,1.00
181,455,1.00
182,455,1.00
179,456,1.00
180,456,1.00
181,456,1.00
179,457,1.00
180,457,1.00
181,457,1.00
179,458,1.00
180,458,1.00
181,458,1.00
179,459,1.00
180,459,1.00
181,459,1.00
180,460,1.00
181,460,1.00
180,461,0.47
181,461,0.71
181,462,0.28
179,448,1.00
180,448,1.00
181,448,1.00
182,448,1.00
183,448,1.00
184,448,1.00
185,448,1.00
177,449,1.00
178,449,1.00
179,449,1.00
180,449,1.00
181,449,1.00
182,449,1.00
176,450,1.00
177,450,1.00
178,450,1.00
179,450,1.00
180,450,1.00
176,451,1.00
177,451,1.00
178,451,1.00
179,451,1.00
175,452,1.00
176,452,1.00
177,452,1.00
178,452,1.00
179,452,1.00
175,453,1.00
176,453,1.00
177,453,1.00
178,453,1.00
175,454,1.00
176,454,1.00
177,454,1.00
178,454,1.00
175,455,1.00
176,455,1.00
177,455,1.00
178,455,1.00
175,456,1.00
176,456,1.00
177,456,1.00
178,456,1.00
175,457,1.00
176,457,1.00
177,457,1.00
178,457,1.00
175,458,0.73
176,458,1.00
177,458,1.00
178,458,1.00
176,459,0.72
177,459,1.00
178,459,1.00
176,460,0.14
177,460,0.51
178,460,0.81
179,460,1.00
177,461,0.05
178,461,0.20
179,461,0.32
179,462,0.10
180,462,0.18
177,446,1.00
178,446,1.00
179,446,1.00
180,446,1.00
181,446,1.00
182,446,1.00
183,446,1.00
175,447,1.00
176,447,1.00
177,447,1.00
178,447,1.00
179,447,1.00
180,447,1.00
181,447,1.00
182,447,1.00
183,447,1.00
184,447,1.00
185,447,1.00
174,448,1.00
175,448,1.00
176,448,1.00
177,448,1.00
178,448,1.00
186,448,1.00
174,449,1.00
175,449,1.00
176,449,1.00
173,450,1.00
174,450,1.00
175,450,1.00
173,451,1.00
174,451,1.00
175,451,1.00
173,452,1.00
174,452,1.00
173,453,1.00
174,453,1.00
173,454,1.00
174,454,1.00
173,455,1.00
174,455,1.00
173,456,0.74
174,456,1.00
174,457,0.78
174,458,0.28
175,459,0.24
176,446,1.00
174,447,1.00
173,448,1.00
173,449,1.00
172,450,1.00
172,451,1.00
172,452,1.00
172,453,1.00
172,454,1.00
172,455,0.58
172,456,0.29
173,457,0.29
173,458,0.05
174,459,0.05
173,443,1.00
174,443,1.00
175,443,1.00
176,443,1.00
177,443,1.00
178,443,1.00
179,443,1.00
171,444,1.00
172,444,1.00
173,444,1.00
174,444,1.00
175,444,1.00
176,444,1.00
177,444,1.00
178,444,1.00
179,444,1.00
180,444,1.00
181,444,1.00
170,445,1.00
171,445,1.00
172,445,1.00
173,445,1.00
174,445,1.00
175,445,1.00
176,445,1.00
177,445,1.00
178,445,1.00
179,445,1.00
180,445,1.00
181,445,1.00
182,445,1.00
170,446,1.00
171,446,1.00
172,446,1.00
173,446,1.00
174,446,1.00
175,446,1.00
169,447,1.00
170,447,1.00
171,447,1.00
172,447,1.00
173,447,1.00
169,448,1.00
170,448,1.00
171,448,1.00
172,448,1.00
169,449,1.00
170,449,1.00
171,449,1.00
172,449,1.00
169,450,1.00
170,450,1.00
171,450,1.00
169,451,1.00
170,451,1.00
171,451,1.00
169,452,0.83
170,452,1.00
171,452,1.00
169,453,0.51
170,453,0.80
171,453,1.00
170,454,0.43
171,454,0.65
170,455,0.05
171,455,0.23
171,456,0.05
168,440,1.00
169,440,1.00
170,440,1.00
171,440,1.00
172,440,1.00
173,440,1.00
174,440,1.00
166,441,1.00
167,441,1.00
168,441,1.00
169,441,1.00
170,441,1.00
171,441,1.00
172,441,1.00
173,441,1.00
174,441,1.00
175,441,1.00
176,441,1.00
165,442,1.00
166,442,1.00
167,442,1.00
168,442,1.00
169,442,1.00
170,442,1.00
171,442,1.00
172,442,1.00
173,442,1.00
174,442,1.00
175,442,1.00
176,442,1.00
177,442,1.00
165,443,1.00
166,443,1.00
167,443,1.00
168,443,1.00
169,443,1.00
170,443,1.00
171,443,1.00
172,443,1.00
164,444,1.00
165,444,1.00
166,444,1.00
167,444,1.00
168,444,1.00
169,444,1.00
170,444,1.00
164,445,1.00
165,445,1.00
166,445,1.00
167,445,1.00
168,445,1.00
169,445,1.00
164,446,1.00
165,446,1.00
166,446,1.00
167,446,1.00
168,446,1.00
169,446,1.00
164,447,1.00
165,447,1.00
166,447,1.00
167,447,1.00
168,447,1.00
164,448,1.00
165,448,1.00
166,448,1.00
167,448,1.00
168,448,1.00
164,449,0.81
165,449,1.00
166,449,1.00
167,449,1.00
168,449,1.00
164,450,0.29
165,450,0.65
166,450,0.96
167,450,1.00
168,450,1.00
165,451,0.29
166,451,0.58
167,451,0.82
168,451,1.00
165,452,0.05
166,452,0.23
167,452,0.40
168,452,0.54
166,453,0.05
167,453,0.20
168,453,0.32
168,454,0.10
169,454,0.18
165,437,1.00
166,437,1.00
167,437,1.00
168,437,1.00
169,437,1.00
170,437,1.00
171,437,1.00
163,438,1.00
164,438,1.00
165,438,1.00
166,438,1.00
167,438,1.00
168,438,1.00
169,438,1.00
170,438,1.00
171,438,1.00
172,438,1.00
173,438,1.00
162,439,1.00
163,439,1.00
164,439,1.00
165,439,1.00
166,439,1.00
167,439,1.00
168,439,1.00
169,439,1.00
170,439,1.00
171,439,1.00
172,439,1.00
173,439,1.00
174,439,1.00
162,440,1.00
163,440,1.00
164,440,1.00
165,440,1.00
166,440,1.00
167,440,1.00
161,441,1.00
162,441,1.00
163,441,1.00
164,441,1.00
165,441,1.00
161,442,1.00
162,442,1.00
163,442,1.00
164,442,1.00
161,443,1.00
162,443,1.00
163,443,1.00
164,443,1.00
161,444,1.00
162,444,1.00
163,444,1.00
161,445,1.00
162,445,1.00
163,445,1.00
161,446,1.00
162,446,1.00
163,446,1.00
161,447,1.00
162,447,1.00
163,447,1.00
162,448,0.75
163,448,1.00
162,449,0.14
163,449,0.41
163,450,0.05
162,435,1.00
163,435,1.00
164,435,1.00
165,435,1.00
166,435,1.00
167,435,1.00
168,435,1.00
160,436,1.00
161,436,1.00
162,436,1.00
163,436,1.00
164,436,1.00
165,436,1.00
166,436,1.00
167,436,1.00
168,436,1.00
169,436,1.00
170,436,1.00
159,437,1.00
160,437,1.00
161,437,1.00
162,437,1.00
163,437,1.00
164,437,1.00
159,438,1.00
160,438,1.00
161,438,1.00
162,438,1.00
158,439,1.00
159,439,1.00
160,439,1.00
161,439,1.00
158,440,1.00
159,440,1.00
160,440,1.00
161,440,1.00
158,441,1.00
159,441,1.00
160,441,1.00
158,442,1.00
159,442,1.00
160,442,1.00
158,443,1.00
159,443,1.00
160,443,1.00
158,444,1.00
159,444,1.00
160,444,1.00
158,445,1.00
159,445,1.00
160,445,1.00
159,446,1.00
160,446,1.00
159,447,0.42
160,447,0.79
160,448,0.14
161,448,0.38
160,434,1.00
161,434,1.00
162,434,1.00
163,434,1.00
164,434,1.00
165,434,1.00
166,434,1.00
158,435,1.00
159,435,1.00
160,435,1.00
161,435,1.00
157,436,1.00
158,436,1.00
159,436,1.00
157,437,1.00
158,437,1.00
156,438,1.00
157,438,1.00
158,438,1.00
156,439,1.00
157,439,1.00
156,440,1.00
157,440,1.00
156,441,1.00
157,441,1.00
156,442,1.00
157,442,1.00
156,443,1.00
157,443,1.00
156,444,1.00
157,444,1.00
157,445,0.78
157,446,0.24
158,446,0.56
158,447,0.14
158,433,1.00
159,433,1.00
160,433,1.00
161,433,1.00
162,433,1.00
163,433,1.00
164,433,1.00
156,434,1.00
157,434,1.00
158,434,1.00
159,434,1.00
155,435,1.00
156,435,1.00
157,435,1.00
155,436,1.00
156,436,1.00
154,437,1.00
155,437,1.00
156,437,1.00
154,438,1.00
155,438,1.00
154,439,1.00
155,439,1.00
154,440,1.00
155,440,1.00
154,441,1.00
155,441,1.00
154,442,1.00
155,442,1.00
154,443,0.65
155,443,1.00
155,444,0.57
155,445,0.05
156,445,0.33
156,446,0.05
156,431,1.00
157,431,1.00
158,431,1.00
159,431,1.00
160,431,1.00
161,431,1.00
162,431,1.00
154,432,1.00
155,432,1.00
156,432,1.00
157,432,1.00
158,432,1.00
159,432,1.00
160,432,1.00
161,432,1.00
162,432,1.00
163,432,1.00
164,432,1.00
153,433,1.00
154,433,1.00
155,433,1.00
156,433,1.00
157,433,1.00
165,433,1.00
153,434,1.00
154,434,1.00
155,434,1.00
152,435,1.00
153,435,1.00
154,435,1.00
152,436,1.00
153,436,1.00
154,436,1.00
152,437,1.00
153,437,1.00
152,438,1.00
153,438,1.00
152,439,1.00
153,439,1.00
152,440,1.00
153,440,1.00
152,441,0.69
153,441,1.00
153,442,0.69
153,443,0.24
154,444,0.14
154,430,1.00
155,430,1.00
156,430,1.00
157,430,1.00
158,430,1.00
159,430,1.00
160,430,1.00
152,431,1.00
153,431,1.00
154,431,1.00
155,431,1.00
151,432,1.00
152,432,1.00
153,432,1.00
151,433,1.00
152,433,1.00
150,434,1.00
151,434,1.00
152,434,1.00
150,435,1.00
151,435,1.00
150,436,1.00
151,436,1.00
150,437,1.00
151,437,1.00
150,438,1.00
151,438,1.00
150,439,0.75
151,439,1.00
150,440,0.14
151,440,0.65
151,441,0.24
151,442,0.05
152,442,0.23
152,443,0.05
153,428,1.00
154,428,1.00
155,428,1.00
156,428,1.00
157,428,1.00
158,428,1.00
159,428,1.00
151,429,1.00
152,429,1.00
153,429,1.00
154,429,1.00
155,429,1.00
156,429,1.00
157,429,1.00
158,429,1.00
159,429,1.00
160,429,1.00
161,429,1.00
150,430,1.00
151,430,1.00
152,430,1.00
153,430,1.00
161,430,1.00
162,430,1.00
150,431,1.00
151,431,1.00
149,432,1.00
150,432,1.00
149,433,1.00
150,433,1.00
149,434,1.00
149,435,1.00
149,436,1.00
149,437,1.00
149,438,0.75
151,426,1.00
152,426,1.00
153,426,1.00
154,426,1.00
155,426,1.00
156,426,1.00
157,426,1.00
149,427,1.00
150,427,1.00
151,427,1.00
152,427,1.00
153,427,1.00
154,427,1.00
155,427,1.00
156,427,1.00
157,427,1.00
158,427,1.00
159,427,1.00
148,428,1.00
149,428,1.00
150,428,1.00
151,428,1.00
152,428,1.00
160,428,1.00
148,429,1.00
149,429,1.00
150,429,1.00
147,430,1.00
148,430,1.00
149,430,1.00
147,431,1.00
148,431,1.00
149,431,1.00
147,432,1.00
148,432,1.00
147,433,1.00
148,433,1.00
147,434,1.00
148,434,1.00
147,435,1.00
148,435,1.00
147,436,1.00
148,436,1.00
148,437,0.89
148,438,0.24
149,439,0.14
149,425,1.00
150,425,1.00
151,425,1.00
152,425,1.00
153,425,1.00
154,425,1.00
155,425,1.00
147,426,1.00
148,426,1.00
149,426,1.00
150,426,1.00
146,427,1.00
147,427,1.00
148,427,1.00
146,428,1.00
147,428,1.00
145,429,1.00
146,429,1.00
147,429,1.00
145,430,1.00
146,430,1.00
145,431,1.00
146,431,1.00
145,432,1.00
146,432,1.00
145,433,1.00
146,433,1.00
145,434,1.00
146,434,1.00
145,435,0.33
146,435,1.00
146,436,0.29
146,437,0.05
147,437,0.28
147,438,0.05
149,424,1.00
150,424,1.00
151,424,1.00
152,424,1.00
153,424,1.00
154,424,1.00
155,424,1.00
147,425,1.00
148,425,1.00
156,425,1.00
157,425,0.99
146,426,1.00
158,426,1.00
145,428,1.00
148,423,1.00
149,423,1.00
150,423,1.00
151,423,1.00
152,423,1.00
153,423,1.00
154,423,1.00
146,424,1.00
147,424,1.00
148,424,1.00
156,424,0.99
145,425,1.00
146,425,1.00
145,426,1.00
144,427,1.00
145,427,1.00
144,428,1.00
144,429,1.00
144,430,1.00
144,431,1.00
144,432,1.00
144,433,1.00
147,422,1.00
148,422,1.00
149,422,1.00
150,422,1.00
151,422,1.00
152,422,1.00
153,422,1.00
145,423,1.00
146,423,1.00
147,423,1.00
155,423,1.00
144,424,1.00
145,424,1.00
144,425,1.00
143,426,1.00
144,426,1.00
143,427,1.00
143,428,1.00
143,429,1.00
143,430,1.00
143,431,1.00
143,432,1.00
144,434,0.48
146,421,0.56
147,421,1.00
148,421,1.00
149,421,1.00
150,421,1.00
151,421,1.00
152,421,0.56
144,422,0.39
145,422,1.00
146,422,1.00
154,422,0.64
143,423,0.42
144,423,1.00
143,424,1.00
142,425,0.71
143,425,1.00
142,426,1.00
142,427,1.00
142,428,1.00
142,429,1.00
142,430,1.00
142,431,0.71
143,433,0.42
145,421,0.10
143,422,0.05
142,423,0.05
142,424,0.20
141,425,0.10
141,426,0.18
141,427,0.23
141,428,0.25
141,429,0.23
141,430,0.18
141,431,0.10
142,432,0.20
142,433,0.05
143,434,0.05
153,421,0.10
155,422,0.28
156,423,0.47
156,422,0.18
157,422,0.10
157,423,0.32
158,423,0.20
159,423,0.05
157,424,0.54
158,424,0.40
159,424,0.33
160,424,0.23
158,425,0.78
159,425,0.72
160,425,0.62
159,426,1.00
160,426,0.98
161,426,0.82
160,427,1.00
161,427,1.00
161,428,1.00
161,424,0.23
162,424,0.25
163,424,0.23
164,424,0.18
165,424,0.10
161,425,0.48
162,425,0.50
163,425,0.48
164,425,0.42
165,425,0.32
166,425,0.20
167,425,0.05
162,426,0.75
163,426,0.73
164,426,0.65
165,426,0.54
166,426,0.40
167,426,0.23
168,426,0.05
162,427,1.00
163,427,0.97
164,427,0.88
165,427,0.75
166,427,0.59
167,427,0.40
168,427,0.20
162,428,1.00
163,428,1.00
164,428,1.00
165,428,0.94
166,428,0.75
167,428,0.64
168,428,0.50
169,428,0.33
162,429,1.00
163,429,1.00
164,429,1.00
165,429,1.00
166,429,1.00
167,429,0.98
168,429,0.84
169,429,0.66
163,430,1.00
164,430,1.00
165,430,1.00
166,430,1.00
167,430,1.00
168,430,1.00
169,430,0.96
163,431,1.00
164,431,1.00
165,431,1.00
166,431,1.00
167,431,1.00
168,431,1.00
169,431,1.00
165,432,1.00
166,432,1.00
167,432,1.00
168,432,1.00
169,432,1.00
166,433,1.00
167,433,1.00
168,433,1.00
169,433,1.00
167,434,1.00
168,434,1.00
169,434,1.00
170,428,0.25
171,428,0.23
172,428,0.18
173,428,0.10
170,429,0.50
171,429,0.48
172,429,0.42
173,429,0.32
174,429,0.20
175,429,0.05
170,430,0.75
171,430,0.73
172,430,0.65
173,430,0.54
174,430,0.40
175,430,0.23
176,430,0.05
170,431,1.00
171,431,0.97
172,431,0.88
173,431,0.75
174,431,0.59
175,431,0.40
176,431,0.20
170,432,1.00
171,432,1.00
172,432,1.00
173,432,0.94
174,432,0.75
175,432,0.54
176,432,0.32
177,432,0.10
170,433,1.00
171,433,1.00
172,433,1.00
173,433,1.00
174,433,0.88
175,433,0.65
176,433,0.42
177,433,0.18
170,434,1.00
171,434,1.00
172,434,1.00
173,434,1.00
174,434,0.97
175,434,0.73
176,434,0.48
177,434,0.33
169,435,1.00
170,435,1.00
171,435,1.00
172,435,1.00
173,435,1.00
174,435,1.00
175,435,0.80
176,435,0.70
177,435,0.57
171,436,1.00
172,436,1.00
173,436,1.00
174,436,1.00
175,436,0.96
176,436,0.88
177,436,0.77
172,437,1.00
173,437,1.00
174,437,1.00
175,437,1.00
176,437,1.00
177,437,0.93
174,438,1.00
175,438,1.00
176,438,1.00
177,438,1.00
175,439,1.00
176,439,1.00
175,440,0.96
176,440,1.00
178,434,0.18
179,434,0.23
180,434,0.25
181,434,0.23
182,434,0.18
183,434,0.10
178,435,0.42
179,435,0.48
180,435,0.50
181,435,0.48
182,435,0.42
183,435,0.32
184,435,0.20
185,435,0.05
178,436,0.65
179,436,0.73
180,436,0.75
181,436,0.73
182,436,0.65
183,436,0.54
184,436,0.40
185,436,0.23
186,436,0.05
178,437,0.88
179,437,0.97
180,437,1.00
181,437,0.97
182,437,0.88
183,437,0.75
184,437,0.59
185,437,0.40
186,437,0.20
178,438,1.00
179,438,1.00
180,438,1.00
181,438,1.00
182,438,1.00
183,438,0.94
184,438,0.75
185,438,0.54
186,438,0.32
187,438,0.10
177,439,1.00
178,439,1.00
179,439,1.00
180,439,1.00
181,439,1.00
182,439,1.00
183,439,1.00
184,439,0.88
185,439,0.65
186,439,0.51
187,439,0.36
177,440,1.00
178,440,1.00
179,440,1.00
180,440,1.00
181,440,1.00
182,440,1.00
183,440,1.00
184,440,1.00
185,440,0.92
186,440,0.80
187,440,0.65
177,441,1.00
178,441,1.00
179,441,1.00
180,441,1.00
181,441,1.00
182,441,1.00
183,441,1.00
184,441,1.00
185,441,1.00
186,441,1.00
187,441,0.90
178,442,1.00
179,442,1.00
180,442,1.00
181,442,1.00
182,442,1.00
183,442,1.00
184,442,1.00
185,442,1.00
186,442,1.00
187,442,1.00
180,443,1.00
181,443,1.00
182,443,1.00
183,443,1.00
184,443,1.00
185,443,1.00
186,443,1.00
187,443,1.00
182,444,1.00
183,444,1.00
184,444,1.00
185,444,1.00
186,444,1.00
187,444,1.00
183,445,1.00
184,445,1.00
185,445,1.00
186,445,1.00
184,446,1.00
185,446,1.00
186,446,1.00
188,439,0.23
189,439,0.25
190,439,0.23
191,439,0.18
192,439,0.10
188,440,0.48
189,440,0.50
190,440,0.48
191,440,0.42
192,440,0.32
193,440,0.20
194,440,0.05
188,441,0.73
189,441,0.75
190,441,0.73
191,441,0.65
192,441,0.54
193,441,0.40
194,441,0.23
195,441,0.05
188,442,0.97
189,442,1.00
190,442,0.97
191,442,0.88
192,442,0.75
193,442,0.59
194,442,0.40
195,442,0.20
188,443,1.00
189,443,1.00
190,443,1.00
191,443,1.00
192,443,0.94
193,443,0.75
194,443,0.54
195,443,0.32
196,443,0.10
188,444,1.00
189,444,1.00
190,444,1.00
191,444,1.00
192,444,1.00
193,444,0.98
194,444,0.83
195,444,0.65
196,444,0.43
187,445,1.00
188,445,1.00
189,445,1.00
190,445,1.00
191,445,1.00
192,445,1.00
193,445,1.00
194,445,1.00
195,445,0.96
196,445,0.73
187,446,1.00
188,446,1.00
189,446,1.00
190,446,1.00
191,446,1.00
192,446,1.00
193,446,1.00
194,446,1.00
195,446,1.00
196,446,1.00
186,447,1.00
187,447,1.00
188,447,1.00
189,447,1.00
190,447,1.00
191,447,1.00
192,447,1.00
193,447,1.00
194,447,1.00
195,447,1.00
196,447,1.00
187,448,1.00
188,448,1.00
189,448,1.00
190,448,1.00
191,448,1.00
192,448,1.00
193,448,1.00
194,448,1.00
195,448,1.00
196,448,1.00
190,449,1.00
191,449,1.00
192,449,1.00
193,449,1.00
194,449,1.00
195,449,1.00
196,449,1.00
192,450,1.00
193,450,1.00
194,450,1.00
195,450,1.00
193,451,1.00
194,451,1.00
195,451,1.00
193,452,1.00
194,452,1.00
197,444,0.23
198,444,0.18
199,444,0.10
197,445,0.48
198,445,0.42
199,445,0.32
200,445,0.20
201,445,0.05
197,446,0.73
198,446,0.65
199,446,0.54
200,446,0.40
201,446,0.23
202,446,0.05
197,447,0.97
198,447,0.88
199,447,0.75
200,447,0.59
201,447,0.40
202,447,0.20
197,448,1.00
198,448,1.00
199,448,1.00
200,448,0.93
201,448,0.77
202,448,0.57
203,448,0.33
197,449,1.00
198,449,1.00
199,449,1.00
200,449,1.00
201,449,1.00
202,449,0.92
203,449,0.66
196,450,1.00
197,450,1.00
198,450,1.00
199,450,1.00
200,450,1.00
201,450,1.00
202,450,1.00
203,450,0.96
196,451,1.00
197,451,1.00
198,451,1.00
199,451,1.00
200,451,1.00
201,451,1.00
202,451,1.00
203,451,1.00
195,452,1.00
196,452,1.00
197,452,1.00
198,452,1.00
199,452,1.00
200,452,1.00
201,452,1.00
202,452,1.00
203,452,1.00
195,453,1.00
196,453,1.00
197,453,1.00
198,453,1.00
199,453,1.00
200,453,1.00
201,453,1.00
202,453,1.00
203,453,1.00
198,454,1.00
199,454,1.00
200,454,1.00
201,454,1.00
202,454,1.00
203,454,1.00
200,455,1.00
201,455,1.00
202,455,1.00
201,456,1.00
202,456,1.00
204,448,0.18
205,448,0.10
204,449,0.42
205,449,0.32
206,449,0.20
207,449,0.05
204,450,0.65
205,450,0.54
206,450,0.40
207,450,0.23
208,450,0.05
204,451,0.88
205,451,0.75
206,451,0.59
207,451,0.40
208,451,0.20
204,452,1.00
205,452,1.00
206,452,0.98
207,452,0.79
208,452,0.56
209,452,0.28
204,453,1.00
205,453,1.00
206,453,1.00
207,453,1.00
208,453,0.90
209,453,0.60
204,454,1.00
205,454,1.00
206,454,1.00
207,454,1.00
208,454,1.00
209,454,0.89
203,455,1.00
204,455,1.00
205,455,1.00
206,455,1.00
207,455,1.00
208,455,1.00
209,455,1.00
203,456,1.00
204,456,1.00
205,456,1.00
206,456,1.00
207,456,1.00
208,456,1.00
209,456,1.00
203,457,1.00
204,457,1.00
205,457,1.00
206,457,1.00
207,457,1.00
208,457,1.00
209,457,1.00
205,458,1.00
206,458,1.00
207,458,1.00
208,458,1.00
209,458,1.00
206,459,1.00
207,459,1.00
208,459,1.00
207,460,1.00
208,460,1.00
210,452,0.10
210,453,0.32
211,453,0.20
212,453,0.05
210,454,0.54
211,454,0.40
212,454,0.23
213,454,0.05
210,455,1.00
211,455,0.82
212,455,0.58
213,455,0.29
210,456,1.00
211,456,1.00
212,456,0.96
213,456,0.65
214,456,0.29
210,457,1.00
211,457,1.00
212,457,1.00
213,457,0.96
214,457,0.58
210,458,1.00
211,458,1.00
212,458,1.00
213,458,1.00
214,458,1.00
209,459,1.00
210,459,1.00
211,459,1.00
212,459,1.00
213,459,1.00
214,459,1.00
209,460,1.00
210,460,1.00
211,460,1.00
212,460,1.00
213,460,1.00
214,460,1.00
209,461,1.00
210,461,1.00
211,461,1.00
212,461,1.00
213,461,1.00
214,461,1.00
212,462,1.00
213,462,1.00
214,462,1.00
215,456,0.05
215,457,0.23
216,457,0.05
215,458,0.50
216,458,0.20
215,459,0.87
216,459,0.52
217,459,0.14
215,460,1.00
216,460,1.00
217,460,0.51
215,461,1.00
216,461,1.00
217,461,0.95
215,462,1.00
216,462,1.00
217,462,1.00
214,463,1.00
215,463,1.00
216,463,1.00
217,463,1.00
215,464,1.00
216,464,1.00
217,464,1.00
216,465,1.00
217,465,1.00
218,460,0.05
218,461,0.39
218,462,0.82
219,462,0.33
218,463,1.00
219,463,0.78
218,464,1.00
219,464,1.00
218,465,1.00
219,465,1.00
218,466,1.00
219,466,1.00
219,461,0.05
220,462,0.05
220,463,0.24
220,464,0.65
221,464,0.14
220,465,1.00
221,465,0.57
220,466,1.00
221,466,0.95
220,467,1.00
221,467,1.00
222,466,0.33
222,467,0.68
222,465,0.05
223,466,0.05
223,467,0.20
224,468,0.14
215,482,0.05
216,482,0.41
216,483,0.14
217,483,0.52
218,484,0.68
219,484,1.00
217,484,0.20
217,485,0.05
218,485,0.33
219,485,0.72
220,485,1.00
221,485,1.00
222,485,1.00
218,486,0.05
219,486,0.39
220,486,0.90
221,486,1.00
222,486,1.00
223,486,1.00
224,486,1.00
220,487,0.42
221,487,0.90
222,487,1.00
223,487,1.00
224,487,1.00
225,487,1.00
219,487,0.05
220,488,0.05
221,488,0.39
222,488,0.72
223,488,1.00
224,488,1.00
225,488,1.00
226,488,1.00
227,488,1.00
222,489,0.33
223,489,0.68
224,489,1.00
225,489,1.00
226,489,1.00
227,489,1.00
228,489,1.00
221,489,0.05
229,489,1.00
222,490,0.05
223,490,0.20
224,490,0.52
225,490,1.00
226,490,1.00
227,490,1.00
228,490,1.00
229,490,1.00
230,490,1.00
231,490,1.00
224,491,0.14
225,491,0.59
226,491,1.00
227,491,1.00
228,491,1.00
229,491,1.00
230,491,1.00
231,491,1.00
232,491,1.00
225,492,0.14
226,492,0.52
227,492,1.00
228,492,1.00
229,492,1.00
230,492,1.00
231,492,1.00
232,492,1.00
233,492,1.00
234,492,1.00
227,493,0.59
228,493,1.00
229,493,1.00
230,493,1.00
231,493,1.00
232,493,1.00
233,493,1.00
226,493,0.20
234,493,1.00
235,493,1.00
236,493,1.00
226,494,0.05
227,494,0.23
228,494,0.69
229,494,1.00
230,494,1.00
231,494,1.00
232,494,1.00
233,494,1.00
234,494,1.00
235,494,1.00
236,494,1.00
237,494,1.00
227,495,0.05
228,495,0.24
229,495,0.75
230,495,1.00
231,495,1.00
232,495,1.00
233,495,1.00
234,495,1.00
235,495,1.00
236,495,1.00
237,495,1.00
229,496,0.19
230,496,0.61
231,496,1.00
232,496,1.00
233,496,1.00
234,496,1.00
235,496,1.00
238,495,1.00
236,496,1.00
237,496,1.00
238,496,1.00
239,496,1.00
231,497,0.34
232,497,0.74
233,497,1.00
234,497,1.00
235,497,1.00
236,497,1.00
237,497,1.00
240,496,1.00
230,497,0.05
238,497,1.00
239,497,1.00
240,497,1.00
232,498,0.14
233,498,0.38
234,498,0.56
235,498,0.87
236,498,1.00
237,498,1.00
238,498,1.00
241,497,1.00
239,498,1.00
240,498,1.00
241,498,1.00
242,498,1.00
234,499,0.10
235,499,0.23
236,499,0.46
237,499,0.65
238,499,0.95
239,499,1.00
240,499,1.00
241,499,1.00
242,499,1.00
243,499,1.00
244,499,1.00
236,500,0.05
237,500,0.20
238,500,0.42
239,500,0.74
240,500,1.00
241,500,1.00
242,500,1.00
243,500,1.00
244,500,1.00
245,500,1.00
246,500,1.00
238,501,0.10
239,501,0.38
240,501,0.63
241,501,0.84
242,501,1.00
243,501,1.00
244,501,1.00
247,500,1.00
245,501,1.00
246,501,1.00
247,501,1.00
248,501,1.00
239,502,0.05
240,502,0.23
241,502,0.40
242,502,0.64
243,502,0.98
244,502,1.00
245,502,1.00
246,502,1.00
247,502,1.00
248,502,1.00
249,502,1.00
240,503,0.05
241,503,0.20
242,503,0.32
243,503,0.62
244,503,0.88
245,503,1.00
246,503,1.00
247,503,1.00
248,503,1.00
249,503,1.00
250,503,1.00
242,504,0.10
243,504,0.23
244,504,0.46
245,504,0.65
246,504,0.95
247,504,1.00
248,504,1.00
249,504,1.00
250,504,1.00
251,504,1.00
252,504,1.00
244,505,0.05
245,505,0.20
246,505,0.42
247,505,0.74
248,505,1.00
249,505,1.00
250,505,1.00
251,505,1.00
252,505,1.00
253,505,1.00
254,505,1.00
246,506,0.10
247,506,0.38
248,506,0.63
249,506,0.84
250,506,1.00
251,506,1.00
252,506,1.00
255,505,1.00
253,506,1.00
254,506,1.00
255,506,1.00
256,506,1.00
247,507,0.05
248,507,0.23
249,507,0.40
250,507,0.72
251,507,1.00
252,507,1.00
253,507,1.00
254,507,1.00
255,507,1.00
256,507,1.00
257,507,1.00
258,507,1.00
248,508,0.05
249,508,0.20
250,508,0.42
251,508,0.74
252,508,1.00
253,508,1.00
254,508,1.00
255,508,1.00
256,508,1.00
257,508,1.00
258,508,1.00
250,509,0.10
251,509,0.38
252,509,0.63
253,509,0.84
254,509,1.00
255,509,1.00
256,509,1.00
259,508,1.00
257,509,1.00
258,509,1.00
259,509,1.00
260,509,1.00
261,509,1.00
251,510,0.05
252,510,0.23
253,510,0.40
254,510,0.64
255,510,1.00
256,510,1.00
257,510,1.00
258,510,1.00
259,510,1.00
260,510,1.00
261,510,1.00
262,510,1.00
252,511,0.05
253,511,0.20
254,511,0.32
255,511,0.71
256,511,1.00
257,511,1.00
258,511,1.00
259,511,1.00
260,511,1.00
261,511,1.00
262,511,1.00
254,512,0.10
255,512,0.23
256,512,0.76
257,512,1.00
258,512,1.00
259,512,1.00
260,512,1.00
263,511,1.00
264,511,1.00
261,512,1.00
262,512,1.00
263,512,1.00
264,512,1.00
265,512,1.00
256,513,0.09
257,513,0.63
258,513,1.00
259,513,1.00
260,513,1.00
261,513,1.00
262,513,1.00
263,513,1.00
264,513,1.00
265,513,1.00
266,513,1.00
258,514,0.62
259,514,1.00
260,514,1.00
261,514,1.00
262,514,1.00
263,514,1.00
264,514,1.00
267,513,1.00
257,514,0.09
265,514,1.00
266,514,1.00
267,514,1.00
259,515,0.39
260,515,0.90
261,515,1.00
262,515,1.00
263,515,1.00
264,515,1.00
265,515,1.00
268,514,1.00
269,514,0.51
258,515,0.05
266,515,1.00
267,515,0.84
268,515,0.44
260,516,0.10
261,516,0.37
262,516,0.59
263,516,0.71
264,516,0.73
265,516,0.64
266,516,0.46
269,515,0.09
267,516,0.19

