255,323,0.30
256,323,0.30
257,323,0.30
258,323,0.30
259,323,0.30
260,323,0.30
261,323,0.30
255,324,1.00
256,324,1.00
257,324,1.00
258,324,1.00
259,324,1.00
260,324,1.00
261,324,1.00
255,325,1.00
256,325,1.00
257,325,1.00
258,325,1.00
259,325,1.00
260,325,1.00
261,325,1.00
255,326,1.00
256,326,1.00
257,326,1.00
258,326,1.00
259,326,1.00
260,326,1.00
261,326,1.00
255,327,1.00
256,327,1.00
257,327,1.00
258,327,1.00
259,327,1.00
260,327,1.00
261,327,1.00
255,328,1.00
256,328,1.00
257,328,1.00
258,328,1.00
259,328,1.00
260,328,1.00
261,328,1.00
255,329,1.00
256,329,1.00
257,329,1.00
258,329,1.00
259,329,1.00
260,329,1.00
261,329,1.00
255,330,1.00
256,330,1.00
257,330,1.00
258,330,1.00
259,330,1.00
260,330,1.00
261,330,1.00
255,331,1.00
256,331,1.00
257,331,1.00
258,331,1.00
259,331,1.00
260,331,1.00
261,331,1.00
255,332,1.00
256,332,1.00
257,332,1.00
258,332,1.00
259,332,1.00
260,332,1.00
261,332,1.00
255,333,1.00
256,333,1.00
257,333,1.00
258,333,1.00
259,333,1.00
260,333,1.00
261,333,1.00
255,334,1.00
256,334,1.00
257,334,1.00
258,334,1.00
259,334,1.00
260,334,1.00
261,334,1.00
255,335,1.00
256,335,1.00
257,335,1.00
258,335,1.00
259,335,1.00
260,335,1.00
261,335,1.00
255,336,1.00
256,336,1.00
257,336,1.00
258,336,1.00
259,336,1.00
260,336,1.00
261,336,1.00
255,337,1.00
256,337,1.00
257,337,1.00
258,337,1.00
259,337,1.00
260,337,1.00
261,337,1.00
255,338,1.00
256,338,1.00
257,338,1.00
258,338,1.00
259,338,1.00
260,338,1.00
261,338,1.00
255,339,1.00
256,339,1.00
257,339,1.00
258,339,1.00
259,339,1.00
260,339,1.00
261,339,1.00
255,340,1.00
256,340,1.00
257,340,1.00
258,340,1.00
259,340,1.00
260,340,1.00
261,340,1.00
255,341,1.00
256,341,1.00
257,341,1.00
258,341,1.00
259,341,1.00
260,341,1.00
261,341,1.00
255,342,1.00
256,342,1.00
257,342,1.00
258,342,1.00
259,342,1.00
260,342,1.00
261,342,1.00
255,343,1.00
256,343,1.00
257,343,1.00
258,343,1.00
259,343,1.00
260,343,1.00
261,343,1.00
255,344,1.00
256,344,1.00
257,344,1.00
258,344,1.00
259,344,1.00
260,344,1.00
261,344,1.00
255,345,1.00
256,345,1.00
257,345,1.00
258,345,1.00
259,345,1.00
260,345,1.00
261,345,1.00
255,346,1.00
256,346,1.00
257,346,1.00
258,346,1.00
259,346,1.00
260,346,1.00
261,346,1.00
255,347,1.00
256,347,1.00
257,347,1.00
258,347,1.00
259,347,1.00
260,347,1.00
261,347,1.00
255,348,1.00
256,348,1.00
257,348,1.00
258,348,1.00
259,348,1.00
260,348,1.00
261,348,1.00
255,349,1.00
256,349,1.00
257,349,1.00
258,349,1.00
259,349,1.00
260,349,1.00
261,349,1.00
255,350,1.00
256,350,1.00
257,350,1.00
258,350,1.00
259,350,1.00
260,350,1.00
261,350,1.00
255,351,1.00
256,351,1.00
257,351,1.00
258,351,1.00
259,351,1.00
260,351,1.00
261,351,1.00
255,352,1.00
256,352,1.00
257,352,1.00
258,352,1.00
259,352,1.00
260,352,1.00
261,352,1.00
255,353,1.00
256,353,1.00
257,353,1.00
258,353,1.00
259,353,1.00
260,353,1.00
261,353,1.00
255,354,1.00
256,354,1.00
257,354,1.00
258,354,1.00
259,354,1.00
260,354,1.00
261,354,1.00
255,355,1.00
256,355,1.00
257,355,1.00
258,355,1.00
259,355,1.00
260,355,1.00
261,355,1.00
255,356,1.00
256,356,1.00
257,356,1.00
258,356,1.00
259,356,1.00
260,356,1.00
261,356,1.00
255,357,1.00
256,357,1.00
257,357,1.00
258,357,1.00
259,357,1.00
260,357,1.00
261,357,1.00
255,358,1.00
256,358,1.00
257,358,1.00
258,358,1.00
259,358,1.00
260,358,1.00
261,358,1.00
255,359,1.00
256,359,1.00
257,359,1.00
258,359,1.00
259,359,1.00
260,359,1.00
261,359,1.00
255,360,1.00
256,360,1.00
257,360,1.00
258,360,1.00
259,360,1.00
260,360,1.00
261,360,1.00
255,361,1.00
256,361,1.00
257,361,1.00
258,361,1.00
259,361,1.00
260,361,1.00
261,361,1.00
255,362,1.00
256,362,1.00
257,362,1.00
258,362,1.00
259,362,1.00
260,362,1.00
261,362,1.00
255,363,1.00
256,363,1.00
257,363,1.00
258,363,1.00
259,363,1.00
260,363,1.00
261,363,1.00
255,364,1.00
256,364,1.00
257,364,1.00
258,364,1.00
259,364,1.00
260,364,1.00
261,364,1.00
255,365,0.90
256,365,1.00
257,365,1.00
258,365,1.00
259,365,1.00
260,365,1.00
261,365,1.00
255,366,0.60
256,366,1.00
257,366,1.00
258,366,1.00
259,366,1.00
260,366,1.00
261,366,1.00
255,367,0.60
256,367,1.00
257,367,1.00
258,367,1.00
259,367,1.00
260,367,1.00
261,367,1.00
255,368,0.30
256,368,1.00
257,368,1.00
258,368,1.00
259,368,1.00
260,368,1.00
261,368,1.00
262,363,0.30
262,364,0.30
262,365,0.60
262,366,0.90
262,367,0.90
262,368,1.00
256,369,1.00
257,369,1.00
258,369,1.00
259,369,1.00
260,369,1.00
261,369,1.00
262,369,1.00
256,370,1.00
257,370,1.00
258,370,1.00
259,370,1.00
260,370,1.00
261,370,1.00
262,370,1.00
256,371,1.00
257,371,1.00
258,371,1.00
259,371,1.00
260,371,1.00
261,371,1.00
262,371,1.00
256,372,0.90
257,372,1.00
258,372,1.00
259,372,1.00
260,372,1.00
261,372,1.00
262,372,1.00
256,373,0.60
257,373,1.00
258,373,1.00
259,373,1.00
260,373,1.00
261,373,1.00
262,373,1.00
256,374,0.60
257,374,1.00
258,374,1.00
259,374,1.00
260,374,1.00
261,374,1.00
262,374,1.00
256,375,0.30
257,375,0.90
258,375,1.00
259,375,1.00
260,375,1.00
261,375,1.00
262,375,1.00
263,371,0.30
263,372,0.30
263,373,0.30
263,374,0.60
263,375,0.60
257,376,0.90
258,376,1.00
259,376,1.00
260,376,1.00
261,376,1.00
262,376,1.00
263,376,0.90
257,377,0.90
258,377,1.00
259,377,1.00
260,377,1.00
261,377,1.00
262,377,1.00
263,377,0.90
257,378,0.60
258,378,1.00
259,378,1.00
260,378,1.00
261,378,1.00
262,378,1.00
263,378,0.60
257,379,0.90
258,379,1.00
259,379,1.00
260,379,1.00
261,379,1.00
262,379,1.00
263,379,0.90
257,380,0.90
258,380,1.00
259,380,1.00
260,380,1.00
261,380,1.00
262,380,1.00
263,380,0.90
257,381,0.90
258,381,1.00
259,381,1.00
260,381,1.00
261,381,1.00
262,381,1.00
263,381,0.90
257,382,0.90
258,382,1.00
259,382,1.00
260,382,1.00
261,382,1.00
262,382,1.00
263,382,0.90
257,383,0.60
258,383,1.00
259,383,1.00
260,383,1.00
261,383,1.00
262,383,1.00
263,383,0.90
257,384,0.60
258,384,1.00
259,384,1.00
260,384,1.00
261,384,1.00
262,384,1.00
263,384,0.98
257,385,0.60
258,385,1.00
259,385,1.00
260,385,1.00
261,385,1.00
262,385,1.00
263,385,1.00
257,386,0.30
258,386,0.98
259,386,1.00
260,386,1.00
261,386,1.00
262,386,1.00
263,386,1.00
257,387,0.30
258,387,0.90
259,387,1.00
260,387,1.00
261,387,1.00
262,387,1.00
263,387,1.00
264,383,0.30
264,384,0.30
264,385,0.30
264,386,0.60
264,387,0.60
258,388,0.90
259,388,1.00
260,388,1.00
261,388,1.00
262,388,1.00
263,388,1.00
264,388,0.90
258,389,0.90
259,389,1.00
260,389,1.00
261,389,1.00
262,389,1.00
263,389,1.00
264,389,0.90
258,390,0.90
259,390,1.00
260,390,1.00
261,390,1.00
262,390,1.00
263,390,1.00
264,390,0.90
258,391,0.90
259,391,1.00
260,391,1.00
261,391,1.00
262,391,1.00
263,391,1.00
264,391,0.90
258,392,1.00
259,392,1.00
260,392,1.00
261,392,1.00
262,392,1.00
263,392,1.00
264,392,1.00
258,393,0.90
259,393,1.00
260,393,1.00
261,393,1.00
262,393,1.00
263,393,1.00
264,393,0.90
258,394,0.90
259,394,1.00
260,394,1.00
261,394,1.00
262,394,1.00
263,394,1.00
264,394,1.00
258,395,0.60
259,395,1.00
260,395,1.00
261,395,1.00
262,395,1.00
263,395,1.00
264,395,1.00
258,396,0.60
259,396,1.00
260,396,1.00
261,396,1.00
262,396,1.00
263,396,1.00
264,396,1.00
258,397,0.30
259,397,1.00
260,397,1.00
261,397,1.00
262,397,1.00
263,397,1.00
264,397,1.00
258,398,0.30
259,398,1.00
260,398,1.00
261,398,1.00
262,398,1.00
263,398,1.00
264,398,1.00
265,394,0.30
265,395,0.60
265,396,0.60
265,397,0.90
265,398,0.90
259,399,1.00
260,399,1.00
261,399,1.00
262,399,1.00
263,399,1.00
264,399,1.00
265,399,1.00
259,400,1.00
260,400,1.00
261,400,1.00
262,400,1.00
263,400,1.00
264,400,1.00
265,400,1.00
259,401,1.00
260,401,1.00
261,401,1.00
262,401,1.00
263,401,1.00
264,401,1.00
265,401,1.00
259,402,1.00
260,402,1.00
261,402,1.00
262,402,1.00
263,402,1.00
264,402,1.00
265,402,1.00
259,403,1.00
260,403,1.00
261,403,1.00
262,403,1.00
263,403,1.00
264,403,1.00
265,403,1.00
259,404,1.00
260,404,1.00
261,404,1.00
262,404,1.00
263,404,1.00
264,404,1.00
265,404,1.00
259,405,1.00
260,405,1.00
261,405,1.00
262,405,1.00
263,405,1.00
264,405,1.00
265,405,1.00
259,406,1.00
260,406,1.00
261,406,1.00
262,406,1.00
263,406,1.00
264,406,1.00
265,406,1.00
259,407,1.00
260,407,1.00
261,407,1.00
262,407,1.00
263,407,1.00
264,407,1.00
265,407,1.00
259,408,1.00
260,408,1.00
261,408,1.00
262,408,1.00
263,408,1.00
264,408,1.00
265,408,1.00
259,409,1.00
260,409,1.00
261,409,1.00
262,409,1.00
263,409,1.00
264,409,1.00
265,409,1.00
259,410,1.00
260,410,1.00
261,410,1.00
262,410,1.00
263,410,1.00
264,410,1.00
265,410,1.00
259,411,1.00
260,411,1.00
261,411,1.00
262,411,1.00
263,411,1.00
264,411,1.00
265,411,1.00
259,412,0.90
260,412,1.00
261,412,1.00
262,412,1.00
263,412,1.00
264,412,1.00
265,412,1.00
259,413,0.60
260,413,1.00
261,413,1.00
262,413,1.00
263,413,1.00
264,413,1.00
265,413,1.00
259,414,0.30
260,414,1.00
261,414,1.00
262,414,1.00
263,414,1.00
264,414,1.00
265,414,1.00
259,415,0.30
260,415,1.00
261,415,1.00
262,415,1.00
263,415,1.00
264,415,1.00
265,415,1.00
266,410,0.30
266,411,0.60
266,412,1.00
266,413,1.00
266,414,1.00
266,415,1.00
260,416,1.00
261,416,1.00
262,416,1.00
263,416,1.00
264,416,1.00
265,416,1.00
266,416,1.00
260,417,1.00
261,417,1.00
262,417,1.00
263,417,1.00
264,417,1.00
265,417,1.00
266,417,1.00
260,418,1.00
261,418,1.00
262,418,1.00
263,418,1.00
264,418,1.00
265,418,1.00
266,418,1.00
260,419,1.00
261,419,1.00
262,419,1.00
263,419,1.00
264,419,1.00
265,419,1.00
266,419,1.00
260,420,1.00
261,420,1.00
262,420,1.00
263,420,1.00
264,420,1.00
265,420,1.00
266,420,1.00
260,421,1.00
261,421,1.00
262,421,1.00
263,421,1.00
264,421,1.00
265,421,1.00
266,421,1.00
260,422,1.00
261,422,1.00
262,422,1.00
263,422,1.00
264,422,1.00
265,422,1.00
266,422,1.00
260,423,1.00
261,423,1.00
262,423,1.00
263,423,1.00
264,423,1.00
265,423,1.00
266,423,1.00
260,424,1.00
261,424,1.00
262,424,1.00
263,424,1.00
264,424,1.00
265,424,1.00
266,424,1.00
260,425,1.00
261,425,1.00
262,425,1.00
263,425,1.00
264,425,1.00
265,425,1.00
266,425,1.00
260,426,1.00
261,426,1.00
262,426,1.00
263,426,1.00
264,426,1.00
265,426,1.00
266,426,1.00
260,427,1.00
261,427,1.00
262,427,1.00
263,427,1.00
264,427,1.00
265,427,1.00
266,427,1.00
260,428,1.00
261,428,1.00
262,428,1.00
263,428,1.00
264,428,1.00
265,428,1.00
266,428,1.00
260,429,1.00
261,429,1.00
262,429,1.00
263,429,1.00
264,429,1.00
265,429,1.00
266,429,1.00
260,430,1.00
261,430,1.00
262,430,1.00
263,430,1.00
264,430,1.00
265,430,1.00
266,430,1.00
260,431,1.00
261,431,1.00
262,431,1.00
263,431,1.00
264,431,1.00
265,431,1.00
266,431,1.00
260,432,1.00
261,432,1.00
262,432,1.00
263,432,1.00
264,432,1.00
265,432,1.00
266,432,1.00
260,433,0.90
261,433,1.00
262,433,1.00
263,433,1.00
264,433,1.00
265,433,1.00
266,433,1.00
260,434,0.90
261,434,1.00
262,434,1.00
263,434,1.00
264,434,1.00
265,434,1.00
266,434,1.00
260,435,0.60
261,435,1.00
262,435,1.00
263,435,1.00
264,435,1.00
265,435,1.00
266,435,1.00
260,436,0.30
261,436,1.00
262,436,1.00
263,436,1.00
264,436,1.00
265,436,1.00
266,436,1.00
267,431,0.60
267,432,0.90
267,433,0.90
267,434,0.90
267,435,0.90
267,436,0.90
261,437,0.90
262,437,0.98
263,437,1.00
264,437,1.00
265,437,1.00
266,437,0.98
267,437,0.90
261,438,0.30
262,438,0.30
263,438,0.30
264,438,0.30
265,438,0.30
266,438,0.30
267,438,0.30

270,438,1.00
271,438,1.00
272,438,1.00
273,438,1.00
274,438,1.00
275,438,1.00
276,438,1.00
270,439,1.00
271,439,1.00
272,439,1.00
273,439,1.00
274,439,1.00
275,439,1.00
276,439,1.00
270,440,1.00
271,440,1.00
272,440,1.00
273,440,1.00
274,440,1.00
275,440,1.00
276,440,1.00
270,441,1.00
271,441,1.00
272,441,1.00
273,441,1.00
274,441,1.00
275,441,1.00
276,441,1.00
270,442,1.00
271,442,1.00
272,442,1.00
273,442,1.00
274,442,1.00
275,442,1.00
276,442,1.00
270,443,0.90
271,443,0.98
272,443,1.00
273,443,1.00
274,443,1.00
275,443,0.98
276,443,0.90
270,444,0.30
271,444,0.30
272,444,0.30
273,444,0.30
274,444,0.30
275,444,0.30
276,444,0.30
270,437,1.00
271,437,1.00
272,437,1.00
273,437,1.00
274,437,1.00
275,437,1.00
276,437,1.00
270,436,1.00
271,436,1.00
272,436,1.00
273,436,1.00
274,436,1.00
275,436,1.00
276,436,1.00
270,435,1.00
271,435,1.00
272,435,1.00
273,435,1.00
274,435,1.00
275,435,1.00
276,435,1.00
270,434,1.00
271,434,1.00
272,434,1.00
273,434,1.00
274,434,1.00
275,434,1.00
276,434,1.00
270,433,1.00
271,433,1.00
272,433,1.00
273,433,1.00
274,433,1.00
275,433,1.00
276,433,1.00
270,432,1.00
271,432,1.00
272,432,1.00
273,432,1.00
274,432,1.00
275,432,1.00
276,432,0.90
270,431,1.00
271,431,1.00
272,431,1.00
273,431,1.00
274,431,1.00
275,431,1.00
276,431,0.60
270,430,1.00
271,430,1.00
272,430,1.00
273,430,1.00
274,430,1.00
275,430,1.00
276,430,0.30
269,429,1.00
270,429,1.00
271,429,1.00
272,429,1.00
273,429,1.00
274,429,1.00
275,429,0.90
269,430,1.00
269,431,1.00
269,432,1.00
269,433,0.90
269,434,0.60
269,435,0.30
269,428,1.00
270,428,1.00
271,428,1.00
272,428,1.00
273,428,1.00
274,428,1.00
275,428,0.60
269,427,1.00
270,427,1.00
271,427,1.00
272,427,1.00
273,427,1.00
274,427,1.00
275,427,0.30
268,426,1.00
269,426,1.00
270,426,1.00
271,426,1.00
272,426,1.00
273,426,1.00
274,426,0.90
268,427,1.00
268,428,1.00
268,429,1.00
268,430,1.00
268,431,0.90
268,432,0.30
268,425,1.00
269,425,1.00
270,425,1.00
271,425,1.00
272,425,1.00
273,425,1.00
274,425,0.60
267,424,1.00
268,424,1.00
269,424,1.00
270,424,1.00
271,424,1.00
272,424,1.00
273,424,0.60
267,425,1.00
267,426,1.00
267,427,1.00
267,428,1.00
267,429,0.60
267,430,0.30
267,423,1.00
268,423,1.00
269,423,1.00
270,423,1.00
271,423,1.00
272,423,1.00
273,423,0.30
266,422,1.00
267,422,1.00
268,422,1.00
269,422,1.00
270,422,1.00
271,422,1.00
272,422,1.00
266,423,1.00
266,424,1.00
266,425,1.00
266,426,1.00
266,427,1.00
266,428,0.60
266,421,1.00
267,421,1.00
268,421,1.00
269,421,1.00
270,421,1.00
271,421,1.00
272,421,0.90
266,420,1.00
267,420,1.00
268,420,1.00
269,420,1.00
270,420,1.00
271,420,0.90
272,420,0.30
265,420,1.00
265,421,1.00
265,422,1.00
265,423,1.00
265,424,0.90
265,425,0.60
265,426,0.30
265,419,1.00
266,419,1.00
267,419,1.00
268,419,1.00
269,419,1.00
270,419,0.60
271,419,0.30
264,418,1.00
265,418,1.00
266,418,1.00
267,418,1.00
268,418,1.00
269,418,1.00
270,418,0.30
264,419,1.00
264,420,1.00
264,421,1.00
264,422,1.00
264,423,0.60
264,424,0.30
263,417,1.00
264,417,1.00
265,417,1.00
266,417,1.00
267,417,1.00
268,417,1.00
269,417,0.90
263,418,1.00
263,419,1.00
263,420,1.00
263,421,1.00
263,422,0.90
263,423,0.30
263,416,1.00
264,416,1.00
265,416,1.00
266,416,1.00
267,416,1.00
268,416,1.00
269,416,0.60
262,415,1.00
263,415,1.00
264,415,1.00
265,415,1.00
266,415,1.00
267,415,1.00
268,415,1.00
262,416,1.00
262,417,1.00
262,418,1.00
262,419,1.00
262,420,0.90
262,421,0.60
262,414,1.00
263,414,1.00
264,414,1.00
265,414,1.00
266,414,1.00
267,414,1.00
268,414,1.00
262,413,1.00
263,413,1.00
264,413,1.00
265,413,1.00
266,413,1.00
267,413,1.00
268,413,0.90
262,412,1.00
263,412,1.00
264,412,1.00
265,412,1.00
266,412,1.00
267,412,1.00
268,412,0.30
261,411,1.00
262,411,1.00
263,411,1.00
264,411,1.00
265,411,1.00
266,411,1.00
267,411,1.00
261,412,1.00
261,413,1.00
261,414,1.00
261,415,1.00
261,416,0.90
261,417,0.30
261,410,1.00
262,410,1.00
263,410,1.00
264,410,1.00
265,410,1.00
266,410,1.00
267,410,1.00
261,409,1.00
262,409,1.00
263,409,1.00
264,409,1.00
265,409,1.00
266,409,1.00
267,409,1.00
261,408,1.00
262,408,1.00
263,408,1.00
264,408,1.00
265,408,1.00
266,408,1.00
267,408,1.00
261,407,1.00
262,407,1.00
263,407,1.00
264,407,1.00
265,407,1.00
266,407,1.00
267,407,1.00
261,406,1.00
262,406,1.00
263,406,1.00
264,406,1.00
265,406,1.00
266,406,1.00
267,406,1.00
261,405,1.00
262,405,1.00
263,405,1.00
264,405,1.00
265,405,1.00
266,405,1.00
267,405,1.00
261,404,1.00
262,404,1.00
263,404,1.00
264,404,1.00
265,404,1.00
266,404,1.00
267,404,1.00
261,403,1.00
262,403,1.00
263,403,1.00
264,403,1.00
265,403,1.00
266,403,1.00
267,403,1.00
261,402,1.00
262,402,1.00
263,402,1.00
264,402,1.00
265,402,1.00
266,402,1.00
267,402,1.00
261,401,1.00
262,401,1.00
263,401,1.00
264,401,1.00
265,401,1.00
266,401,1.00
267,401,1.00
261,400,1.00
262,400,1.00
263,400,1.00
264,400,1.00
265,400,1.00
266,400,1.00
267,400,1.00
261,399,1.00
262,399,1.00
263,399,1.00
264,399,1.00
265,399,1.00
266,399,1.00
267,399,1.00
261,398,1.00
262,398,1.00
263,398,1.00
264,398,1.00
265,398,1.00
266,398,1.00
267,398,1.00
261,397,1.00
262,397,1.00
263,397,1.00
264,397,1.00
265,397,1.00
266,397,1.00
267,397,1.00
261,396,1.00
262,396,1.00
263,396,1.00
264,396,1.00
265,396,1.00
266,396,1.00
267,396,1.00
261,395,1.00
262,395,1.00
263,395,1.00
264,395,1.00
265,395,1.00
266,395,1.00
267,395,1.00
261,394,1.00
262,394,1.00
263,394,1.00
264,394,1.00
265,394,1.00
266,394,1.00
267,394,1.00
261,393,1.00
262,393,1.00
263,393,1.00
264,393,1.00
265,393,1.00
266,393,1.00
267,393,0.90
261,392,1.00
262,392,1.00
263,392,1.00
264,392,1.00
265,392,1.00
266,392,1.00
267,392,0.60
261,391,1.00
262,391,1.00
263,391,1.00
264,391,1.00
265,391,1.00
266,391,1.00
267,391,0.30
260,390,1.00
261,390,1.00
262,390,1.00
263,390,1.00
264,390,1.00
265,390,1.00
266,390,0.90
260,391,0.90
260,392,0.90
260,393,0.60
260,394,0.60
260,395,0.30
260,396,0.30
260,388,1.00
261,388,1.00
262,388,1.00
263,388,1.00
264,388,1.00
265,388,1.00
266,388,0.60
260,389,0.98
261,389,1.00
262,389,1.00
263,389,1.00
264,389,1.00
265,389,1.00
266,389,0.60
260,386,1.00
261,386,1.00
262,386,1.00
263,386,1.00
264,386,1.00
265,386,0.90
266,386,0.30
260,387,1.00
261,387,1.00
262,387,1.00
263,387,1.00
264,387,1.00
265,387,0.98
266,387,0.30
259,384,1.00
260,384,1.00
261,384,1.00
262,384,1.00
263,384,1.00
264,384,1.00
265,384,0.60
259,385,0.98
260,385,1.00
261,385,1.00
262,385,1.00
263,385,1.00
264,385,1.00
265,385,0.60
259,386,0.90
259,387,0.60
259,388,0.60
259,389,0.30
259,390,0.30
259,382,1.00
260,382,1.00
261,382,1.00
262,382,1.00
263,382,1.00
264,382,1.00
265,382,0.30
259,383,1.00
260,383,1.00
261,383,1.00
262,383,1.00
263,383,1.00
264,383,0.98
265,383,0.30
258,380,1.00
259,380,1.00
260,380,1.00
261,380,1.00
262,380,1.00
263,380,1.00
264,380,0.90
258,381,0.90
259,381,1.00
260,381,1.00
261,381,1.00
262,381,1.00
263,381,1.00
264,381,0.90
258,382,0.90
258,383,0.60
258,384,0.60
258,385,0.30
258,386,0.30
258,378,1.00
259,378,1.00
260,378,1.00
261,378,1.00
262,378,1.00
263,378,1.00
264,378,0.60
258,379,0.98
259,379,1.00
260,379,1.00
261,379,1.00
262,379,1.00
263,379,1.00
264,379,0.60
258,376,1.00
259,376,1.00
260,376,1.00
261,376,1.00
262,376,1.00
263,376,0.90
264,376,0.30
258,377,1.00
259,377,1.00
260,377,1.00
261,377,1.00
262,377,1.00
263,377,0.98
264,377,0.30
257,374,0.98
258,374,1.00
259,374,1.00
260,374,1.00
261,374,1.00
262,374,1.00
263,374,0.60
257,375,0.90
258,375,1.00
259,375,1.00
260,375,1.00
261,375,1.00
262,375,1.00
263,375,0.60
257,376,0.60
257,377,0.60
257,378,0.30
257,379,0.30
257,380,0.30
257,371,1.00
258,371,1.00
259,371,1.00
260,371,1.00
261,371,1.00
262,371,0.90
263,371,0.30
257,372,1.00
258,372,1.00
259,372,1.00
260,372,1.00
261,372,1.00
262,372,0.98
263,372,0.30
257,373,0.96
258,373,1.00
259,373,1.00
260,373,1.00
261,373,1.00
262,373,0.96
263,373,0.30
256,369,0.90
257,369,1.00
258,369,1.00
259,369,1.00
260,369,1.00
261,369,1.00
262,369,0.90
256,370,0.90
257,370,1.00
258,370,1.00
259,370,1.00
260,370,1.00
261,370,1.00
262,370,0.90
256,371,0.60
256,372,0.60
256,373,0.30
256,374,0.30
256,375,0.30
256,366,1.00
257,366,1.00
258,366,1.00
259,366,1.00
260,366,1.00
261,366,1.00
262,366,0.60
256,367,0.98
257,367,1.00
258,367,1.00
259,367,1.00
260,367,1.00
261,367,1.00
262,367,0.60
256,368,0.90
257,368,1.00
258,368,1.00
259,368,1.00
260,368,1.00
261,368,1.00
262,368,0.60
256,364,1.00
257,364,1.00
258,364,1.00
259,364,1.00
260,364,1.00
261,364,1.00
262,364,0.30
256,365,1.00
257,365,1.00
258,365,1.00
259,365,1.00
260,365,1.00
261,365,0.98
262,365,0.30
255,362,1.00
256,362,1.00
257,362,1.00
258,362,1.00
259,362,1.00
260,362,1.00
261,362,1.00
255,363,1.00
256,363,1.00
257,363,1.00
258,363,1.00
259,363,1.00
260,363,1.00
261,363,0.90
255,364,1.00
255,365,1.00
255,366,1.00
255,367,1.00
255,368,1.00
255,360,1.00
256,360,1.00
257,360,1.00
258,360,1.00
259,360,1.00
260,360,1.00
261,360,0.90
255,361,1.00
256,361,1.00
257,361,1.00
258,361,1.00
259,361,1.00
260,361,1.00
261,361,0.90
255,358,1.00
256,358,1.00
257,358,1.00
258,358,1.00
259,358,1.00
260,358,1.00
261,358,0.60
255,359,1.00
256,359,1.00
257,359,1.00
258,359,1.00
259,359,1.00
260,359,1.00
261,359,0.60
255,356,1.00
256,356,1.00
257,356,1.00
258,356,1.00
259,356,1.00
260,356,1.00
261,356,0.30
255,357,1.00
256,357,1.00
257,357,1.00
258,357,1.00
259,357,1.00
260,357,1.00
261,357,0.30
254,354,1.00
255,354,1.00
256,354,1.00
257,354,1.00
258,354,1.00
259,354,1.00
260,354,1.00
254,355,1.00
255,355,1.00
256,355,1.00
257,355,1.00
258,355,1.00
259,355,1.00
260,355,1.00
254,356,1.00
254,357,1.00
254,358,1.00
254,359,1.00
254,360,0.98
254,353,1.00
255,353,1.00
256,353,1.00
257,353,1.00
258,353,1.00
259,353,1.00
260,353,1.00
254,352,1.00
255,352,1.00
256,352,1.00
257,352,1.00
258,352,1.00
259,352,1.00
260,352,1.00
254,351,1.00
255,351,1.00
256,351,1.00
257,351,1.00
258,351,1.00
259,351,1.00
260,351,1.00
254,349,1.00
255,349,1.00
256,349,1.00
257,349,1.00
258,349,1.00
259,349,1.00
260,349,1.00
254,350,1.00
255,350,1.00
256,350,1.00
257,350,1.00
258,350,1.00
259,350,1.00
260,350,1.00
254,348,1.00
255,348,1.00
256,348,1.00
257,348,1.00
258,348,1.00
259,348,1.00
260,348,1.00
254,346,1.00
255,346,1.00
256,346,1.00
257,346,1.00
258,346,1.00
259,346,1.00
260,346,1.00
254,347,1.00
255,347,1.00
256,347,1.00
257,347,1.00
258,347,1.00
259,347,1.00
260,347,0.90
254,344,1.00
255,344,1.00
256,344,1.00
257,344,1.00
258,344,1.00
259,344,1.00
260,344,0.90
254,345,1.00
255,345,1.00
256,345,1.00
257,345,1.00
258,345,1.00
259,345,1.00
260,345,0.90
254,342,1.00
255,342,1.00
256,342,1.00
257,342,1.00
258,342,1.00
259,342,1.00
260,342,0.60
254,343,1.00
255,343,1.00
256,343,1.00
257,343,1.00
258,343,1.00
259,343,1.00
260,343,0.60
254,340,1.00
255,340,1.00
256,340,1.00
257,340,1.00
258,340,1.00
259,340,1.00
260,340,0.30
254,341,1.00
255,341,1.00
256,341,1.00
257,341,1.00
258,341,1.00
259,341,1.00
260,341,0.30
253,338,1.00
254,338,1.00
255,338,1.00
256,338,1.00
257,338,1.00
258,338,1.00
259,338,1.00
253,339,1.00
254,339,1.00
255,339,1.00
256,339,1.00
257,339,1.00
258,339,1.00
259,339,1.00
253,340,1.00
253,341,1.00
253,342,1.00
253,343,1.00
253,344,1.00
253,336,1.00
254,336,1.00
255,336,1.00
256,336,1.00
257,336,1.00
258,336,1.00
259,336,1.00
253,337,1.00
254,337,1.00
255,337,1.00
256,337,1.00
257,337,1.00
258,337,1.00
259,337,1.00
253,335,1.00
254,335,1.00
255,335,1.00
256,335,1.00
257,335,1.00
258,335,1.00
259,335,0.90
253,333,1.00
254,333,1.00
255,333,1.00
256,333,1.00
257,333,1.00
258,333,1.00
259,333,0.60
253,334,1.00
254,334,1.00
255,334,1.00
256,334,1.00
257,334,1.00
258,334,1.00
259,334,0.60
253,332,1.00
254,332,1.00
255,332,1.00
256,332,1.00
257,332,1.00
258,332,1.00
259,332,0.30
252,332,1.00
252,333,1.00
252,334,1.00
252,335,1.00
252,336,1.00
252,337,1.00
252,338,1.00
251,332,0.90
251,333,1.00
251,334,1.00
251,335,1.00
251,336,1.00
251,337,1.00
251,338,1.00
250,332,0.30
250,333,0.60
250,334,0.98
250,335,1.00
250,336,1.00
250,337,1.00
250,338,1.00
249,333,0.30
249,334,0.60
249,335,0.98
249,336,1.00
249,337,1.00
249,338,1.00
249,339,1.00
250,339,1.00
251,339,1.00
252,339,1.00
248,334,0.30
248,335,0.60
248,336,0.68
248,337,1.00
248,338,1.00
248,339,1.00
248,340,1.00
249,340,1.00
250,340,1.00
251,340,1.00
252,340,1.00
247,335,0.30
247,336,0.30
247,337,0.60
247,338,0.68
247,339,1.00
247,340,1.00
247,341,1.00
248,341,1.00
249,341,1.00
250,341,1.00
251,341,1.00
252,341,1.00
246,337,0.30
246,338,0.30
246,339,0.60
246,340,0.68
246,341,1.00
246,342,1.00
247,342,1.00
248,342,1.00
249,342,1.00
250,342,1.00
251,342,1.00
252,342,1.00
246,343,1.00
247,343,1.00
248,343,1.00
249,343,1.00
250,343,1.00
251,343,1.00
252,343,1.00
245,339,0.30
245,340,0.30
245,341,0.60
245,342,0.68
245,343,1.00
245,344,1.00
246,344,1.00
247,344,1.00
248,344,1.00
249,344,1.00
250,344,1.00
251,344,1.00
245,345,1.00
246,345,1.00
247,345,1.00
248,345,1.00
249,345,1.00
250,345,1.00
251,345,1.00
244,341,0.30
244,342,0.30
244,343,0.60
244,344,0.68
244,345,1.00
244,346,1.00
245,346,1.00
246,346,1.00
247,346,1.00
248,346,1.00
249,346,1.00
250,346,1.00
244,347,1.00
245,347,1.00
246,347,1.00
247,347,1.00
248,347,1.00
249,347,1.00
250,347,1.00
243,343,0.30
243,344,0.30
243,345,0.60
243,346,0.60
243,347,0.60
243,348,0.90
244,348,1.00
245,348,1.00
246,348,1.00
247,348,1.00
248,348,1.00
249,348,1.00
243,349,1.00
244,349,1.00
245,349,1.00
246,349,1.00
247,349,1.00
248,349,1.00
249,349,1.00
243,350,1.00
244,350,1.00
245,350,1.00
246,350,1.00
247,350,1.00
248,350,1.00
249,350,1.00
243,351,1.00
244,351,1.00
245,351,1.00
246,351,1.00
247,351,1.00
248,351,1.00
249,351,1.00
242,348,0.30
242,349,1.00
242,350,1.00
242,351,1.00
242,352,1.00
243,352,1.00
244,352,1.00
245,352,1.00
246,352,1.00
247,352,1.00
248,352,1.00
242,353,1.00
243,353,1.00
244,353,1.00
245,353,1.00
246,353,1.00
247,353,1.00
248,353,1.00
242,354,1.00
243,354,1.00
244,354,1.00
245,354,1.00
246,354,1.00
247,354,1.00
248,354,1.00
242,355,1.00
243,355,1.00
244,355,1.00
245,355,1.00
246,355,1.00
247,355,1.00
248,355,1.00
242,356,1.00
243,356,1.00
244,356,1.00
245,356,1.00
246,356,1.00
247,356,1.00
248,356,1.00
242,357,0.90
243,357,1.00
244,357,1.00
245,357,1.00
246,357,1.00
247,357,1.00
248,357,1.00
242,358,0.30
243,358,0.66
244,358,1.00
245,358,1.00
246,358,1.00
247,358,1.00
248,358,1.00
242,359,0.60
243,359,0.68
244,359,0.96
245,359,1.00
246,359,1.00
247,359,1.00
248,359,1.00
242,360,0.60
243,360,0.68
244,360,0.96
245,360,1.00
246,360,1.00
247,360,1.00
248,360,1.00
242,361,0.30
243,361,0.66
244,361,1.00
245,361,1.00
246,361,1.00
247,361,1.00
248,361,1.00
242,362,0.30
243,362,0.77
244,362,1.00
245,362,1.00
246,362,1.00
247,362,1.00
248,362,1.00
242,363,0.60
243,363,0.96
244,363,1.00
245,363,1.00
246,363,1.00
247,363,1.00
248,363,1.00
242,364,0.60
243,364,0.76
244,364,1.00
245,364,1.00
246,364,1.00
247,364,1.00
248,364,1.00
242,365,0.60
243,365,0.96
244,365,1.00
245,365,1.00
246,365,1.00
247,365,1.00
248,365,1.00
242,366,0.30
243,366,0.77
244,366,1.00
245,366,1.00
246,366,1.00
247,366,1.00
248,366,1.00
242,367,0.30
243,367,0.66
244,367,1.00
245,367,1.00
246,367,1.00
247,367,1.00
248,367,1.00
242,368,0.30
243,368,0.68
244,368,0.96
245,368,1.00
246,368,0.96
247,368,1.00
248,368,1.00
242,369,0.30
243,369,0.60
244,369,0.68
245,369,0.96
246,369,1.00
247,369,1.00
248,369,1.00
249,368,1.00
249,369,1.00
243,370,0.30
244,370,0.66
245,370,1.00
246,370,1.00
247,370,1.00
248,370,1.00
249,370,1.00
243,371,0.30
244,371,0.77
245,371,1.00
246,371,1.00
247,371,1.00
248,371,1.00
249,371,1.00
243,372,0.60
244,372,0.96
245,372,1.00
246,372,1.00
247,372,1.00
248,372,1.00
249,372,1.00
243,373,0.60
244,373,0.76
245,373,1.00
246,373,1.00
247,373,1.00
248,373,1.00
249,373,1.00
243,374,0.60
244,374,1.00
245,374,1.00
246,374,1.00
247,374,1.00
248,374,1.00
249,374,1.00
243,375,0.30
244,375,1.00
245,375,1.00
246,375,1.00
247,375,1.00
248,375,1.00
249,375,1.00
243,376,0.30
244,376,0.96
245,376,1.00
246,376,1.00
247,376,1.00
248,376,1.00
249,376,1.00
243,377,0.30
244,377,0.98
245,377,1.00
246,377,1.00
247,377,1.00
248,377,1.00
249,377,1.00
243,378,0.30
244,378,0.90
245,378,1.00
246,378,1.00
247,378,1.00
248,378,1.00
249,378,1.00
250,374,1.00
250,375,1.00
250,376,1.00
250,377,1.00
250,378,1.00
244,379,0.60
245,379,1.00
246,379,1.00
247,379,1.00
248,379,1.00
249,379,1.00
250,379,1.00
244,380,0.60
245,380,1.00
246,380,1.00
247,380,1.00
248,380,1.00
249,380,1.00
250,380,1.00
244,381,0.30
245,381,0.96
246,381,1.00
247,381,1.00
248,381,1.00
249,381,1.00
250,381,1.00
244,382,0.30
245,382,0.68
246,382,1.00
247,382,1.00
248,382,1.00
249,382,1.00
250,382,1.00
244,383,0.30
245,383,0.60
246,383,1.00
247,383,1.00
248,383,1.00
249,383,1.00
250,383,1.00
251,379,1.00
251,380,1.00
251,381,1.00
251,382,1.00
251,383,1.00
245,384,0.30
246,384,0.98
247,384,1.00
248,384,1.00
249,384,1.00
250,384,1.00
251,384,1.00
245,385,0.30
246,385,0.90
247,385,1.00
248,385,1.00
249,385,1.00
250,385,1.00
251,385,1.00
252,381,1.00
252,382,1.00
252,383,1.00
252,384,1.00
252,385,1.00
246,386,0.60
247,386,1.00
248,386,1.00
249,386,1.00
250,386,1.00
251,386,1.00
252,386,1.00
246,387,0.60
247,387,1.00
248,387,1.00
249,387,1.00
250,387,1.00
251,387,1.00
252,387,1.00
246,388,0.30
247,388,1.00
248,388,1.00
249,388,1.00
250,388,1.00
251,388,1.00
252,388,1.00
246,389,0.60
247,389,1.00
248,389,1.00
249,389,1.00
250,389,1.00
251,389,1.00
252,389,1.00
246,390,0.60
247,390,1.00
248,390,1.00
249,390,1.00
250,390,1.00
251,390,1.00
252,390,1.00
253,387,1.00
253,388,1.00
253,389,1.00
253,390,1.00
247,391,1.00
248,391,1.00
249,391,1.00
250,391,1.00
251,391,1.00
252,391,1.00
253,391,1.00
247,392,1.00
248,392,1.00
249,392,1.00
250,392,1.00
251,392,1.00
252,392,1.00
253,392,1.00
247,393,1.00
248,393,1.00
249,393,1.00
250,393,1.00
251,393,1.00
252,393,1.00
253,393,1.00
254,389,1.00
254,390,1.00
254,391,1.00
254,392,1.00
254,393,1.00
248,394,1.00
249,394,1.00
250,394,1.00
251,394,1.00
252,394,1.00
253,394,1.00
254,394,1.00
248,395,0.98
249,395,1.00
250,395,1.00
251,395,1.00
252,395,1.00
253,395,1.00
254,395,1.00
255,392,1.00
255,393,1.00
255,394,1.00
255,395,1.00
249,396,1.00
250,396,1.00
251,396,1.00
252,396,1.00
253,396,1.00
254,396,1.00
255,396,1.00
249,397,1.00
250,397,1.00
251,397,1.00
252,397,1.00
253,397,1.00
254,397,1.00
255,397,0.90
249,398,1.00
250,398,1.00
251,398,1.00
252,398,1.00
253,398,1.00
254,398,1.00
255,398,1.00
249,399,1.00
250,399,1.00
251,399,1.00
252,399,1.00
253,399,1.00
254,399,1.00
255,399,0.98
249,400,1.00
250,400,1.00
251,400,1.00
252,400,1.00
253,400,1.00
254,400,1.00
255,400,1.00
249,401,1.00
250,401,1.00
251,401,1.00
252,401,1.00
253,401,1.00
254,401,1.00
255,401,1.00
256,398,0.30
256,399,0.30
256,400,0.90
256,401,0.98
250,402,1.00
251,402,1.00
252,402,1.00
253,402,1.00
254,402,1.00
255,402,1.00
256,402,1.00
250,403,0.98
251,403,1.00
252,403,1.00
253,403,1.00
254,403,1.00
255,403,1.00
256,403,1.00
250,404,1.00
251,404,1.00
252,404,1.00
253,404,1.00
254,404,1.00
255,404,1.00
256,404,1.00
257,400,0.30
257,401,0.30
257,402,0.30
257,403,0.60
257,404,0.68
251,405,1.00
252,405,1.00
253,405,1.00
254,405,1.00
255,405,1.00
256,405,1.00
257,405,0.96
251,406,1.00
252,406,1.00
253,406,1.00
254,406,1.00
255,406,1.00
256,406,1.00
257,406,1.00
258,403,0.30
258,404,0.30
258,405,0.30
258,406,0.60
252,407,1.00
253,407,1.00
254,407,1.00
255,407,1.00
256,407,1.00
257,407,1.00
258,407,0.60
252,408,1.00
253,408,1.00
254,408,1.00
255,408,1.00
256,408,1.00
257,408,1.00
258,408,0.90
252,409,1.00
253,409,1.00
254,409,1.00
255,409,1.00
256,409,1.00
257,409,1.00
258,409,0.90
252,410,1.00
253,410,1.00
254,410,1.00
255,410,1.00
256,410,1.00
257,410,1.00
258,410,0.60
252,411,1.00
253,411,1.00
254,411,1.00
255,411,1.00
256,411,1.00
257,411,1.00
258,411,0.90
252,412,1.00
253,412,1.00
254,412,1.00
255,412,1.00
256,412,1.00
257,412,1.00
258,412,0.98
252,413,0.90
253,413,1.00
254,413,1.00
255,413,1.00
256,413,1.00
257,413,1.00
258,413,1.00
252,414,0.60
253,414,0.90
254,414,1.00
255,414,1.00
256,414,1.00
257,414,1.00
258,414,1.00
259,411,0.30
259,412,0.30
259,413,0.60
259,414,0.60
253,415,1.00
254,415,1.00
255,415,1.00
256,415,1.00
257,415,1.00
258,415,1.00
259,415,0.90
253,416,1.00
254,416,1.00
255,416,1.00
256,416,1.00
257,416,1.00
258,416,1.00
259,416,0.90
253,417,1.00
254,417,1.00
255,417,1.00
256,417,1.00
257,417,1.00
258,417,1.00
259,417,1.00
253,418,1.00
254,418,1.00
255,418,1.00
256,418,1.00
257,418,1.00
258,418,1.00
259,418,0.98
253,419,1.00
254,419,1.00
255,419,1.00
256,419,1.00
257,419,1.00
258,419,1.00
259,419,1.00
253,420,0.96
254,420,1.00
255,420,1.00
256,420,1.00
257,420,1.00
258,420,1.00
259,420,1.00
253,421,0.60
254,421,1.00
255,421,1.00
256,421,1.00
257,421,1.00
258,421,1.00
259,421,1.00
260,417,0.30
260,418,0.30
260,419,0.30
260,420,0.60
260,421,0.60
254,422,0.90
255,422,1.00
256,422,1.00
257,422,1.00
258,422,1.00
259,422,1.00
260,422,0.90
254,423,1.00
255,423,1.00
256,423,1.00
257,423,1.00
258,423,1.00
259,423,1.00
260,423,0.98
254,424,1.00
255,424,1.00
256,424,1.00
257,424,1.00
258,424,1.00
259,424,1.00
260,424,1.00
254,425,1.00
255,425,1.00
256,425,1.00
257,425,1.00
258,425,1.00
259,425,1.00
260,425,1.00
254,426,1.00
255,426,1.00
256,426,1.00
257,426,1.00
258,426,1.00
259,426,1.00
260,426,1.00
261,422,0.30
261,423,0.30
261,424,0.60
261,425,0.60
261,426,0.90
255,427,1.00
256,427,1.00
257,427,1.00
258,427,1.00
259,427,1.00
260,427,1.00
261,427,0.90
255,428,1.00
256,428,1.00
257,428,1.00
258,428,1.00
259,428,1.00
260,428,1.00
261,428,1.00
255,429,1.00
256,429,1.00
257,429,1.00
258,429,1.00
259,429,1.00
260,429,1.00
261,429,0.90
255,430,1.00
256,430,1.00
257,430,1.00
258,430,1.00
259,430,1.00
260,430,1.00
261,430,1.00
255,431,1.00
256,431,1.00
257,431,1.00
258,431,1.00
259,431,1.00
260,431,1.00
261,431,1.00
255,432,1.00
256,432,1.00
257,432,1.00
258,432,1.00
259,432,1.00
260,432,1.00
261,432,1.00
255,433,1.00
256,433,1.00
257,433,1.00
258,433,1.00
259,433,1.00
260,433,1.00
261,433,1.00
255,434,1.00
256,434,1.00
257,434,1.00
258,434,1.00
259,434,1.00
260,434,1.00
261,434,1.00
255,435,1.00
256,435,1.00
257,435,1.00
258,435,1.00
259,435,1.00
260,435,1.00
261,435,1.00
255,436,1.00
256,436,1.00
257,436,1.00
258,436,1.00
259,436,1.00
260,436,1.00
261,436,1.00
255,437,1.00
256,437,1.00
257,437,1.00
258,437,1.00
259,437,1.00
260,437,1.00
261,437,1.00
255,438,1.00
256,438,1.00
257,438,1.00
258,438,1.00
259,438,1.00
260,438,1.00
261,438,1.00
255,439,1.00
256,439,1.00
257,439,1.00
258,439,1.00
259,439,1.00
260,439,1.00
261,439,1.00
255,440,1.00
256,440,1.00
257,440,1.00
258,440,1.00
259,440,1.00
260,440,1.00
261,440,1.00
255,441,0.90
256,441,0.90
257,441,0.90
258,441,0.90
259,441,0.90
260,441,0.90
261,441,0.90
254,433,1.00
254,434,1.00
254,435,1.00
254,436,0.98
254,437,0.60
254,438,0.30
254,439,0.30
253,431,1.00
254,431,1.00
253,432,1.00
254,432,1.00
253,433,1.00
253,434,1.00
253,435,0.68
253,436,0.60
253,437,0.30
252,430,1.00
253,430,1.00
254,430,1.00
252,431,1.00
252,432,1.00
252,433,0.60
252,434,0.60
252,435,0.30
252,436,0.30
252,428,1.00
253,428,1.00
254,428,1.00
252,429,1.00
253,429,1.00
254,429,1.00
251,426,1.00
252,426,1.00
253,426,1.00
251,427,0.98
252,427,1.00
253,427,1.00
254,427,1.00
251,428,1.00
251,429,1.00
251,430,0.96
251,431,0.98
251,432,0.90
251,422,0.96
252,422,0.60
253,422,0.30
251,423,1.00
252,423,0.68
253,423,0.66
251,424,0.96
252,424,0.96
253,424,1.00
251,425,0.68
252,425,1.00
253,425,1.00
251,415,0.96
252,415,0.60
251,416,1.00
252,416,0.68
251,417,0.96
252,417,0.96
251,418,0.68
252,418,1.00
251,419,0.60
252,419,0.96
251,420,0.60
252,420,0.68
251,421,0.68
252,421,0.60
250,407,1.00
251,407,1.00
250,408,1.00
251,408,1.00
250,409,1.00
251,409,1.00
250,410,0.90
251,410,1.00
250,411,0.60
251,411,0.66
250,412,0.60
251,412,0.38
250,413,0.60
251,413,0.60
250,405,1.00
250,406,1.00
255,390,1.00
255,391,1.00
254,388,1.00
255,388,1.00
255,389,1.00
254,387,1.00
255,387,1.00
253,386,1.00
254,386,1.00
255,386,1.00
253,385,1.00
254,385,1.00
255,385,0.90
253,383,1.00
254,383,1.00
255,383,0.90
253,384,1.00
254,384,1.00
255,384,0.90
252,380,1.00
253,380,1.00
254,380,1.00
255,380,0.90
253,381,1.00
254,381,1.00
255,381,0.90
253,382,1.00
254,382,1.00
255,382,0.60
251,378,1.00
252,378,1.00
253,378,1.00
254,378,1.00
255,378,0.90
252,379,1.00
253,379,1.00
254,379,1.00
255,379,0.60
251,375,1.00
252,375,1.00
253,375,1.00
254,375,1.00
255,375,0.90
251,376,1.00
252,376,1.00
253,376,1.00
254,376,1.00
255,376,0.60
251,377,1.00
252,377,1.00
253,377,1.00
254,377,1.00
255,377,0.60
250,372,1.00
251,372,1.00
252,372,1.00
253,372,1.00
254,372,1.00
255,372,0.90
250,373,1.00
251,373,1.00
252,373,1.00
253,373,1.00
254,373,1.00
255,373,0.90
251,374,1.00
252,374,1.00
253,374,1.00
254,374,1.00
255,374,0.60
250,369,1.00
251,369,1.00
252,369,1.00
253,369,1.00
254,369,1.00
255,369,1.00
250,370,1.00
251,370,1.00
252,370,1.00
253,370,1.00
254,370,1.00
255,370,1.00
250,371,1.00
251,371,1.00
252,371,1.00
253,371,1.00
254,371,1.00
255,371,0.90
249,367,1.00
250,367,1.00
251,367,1.00
252,367,1.00
253,367,1.00
254,367,1.00
250,368,1.00
251,368,1.00
252,368,1.00
253,368,1.00
254,368,1.00
249,365,1.00
250,365,1.00
251,365,1.00
252,365,1.00
253,365,1.00
254,365,1.00
249,366,1.00
250,366,1.00
251,366,1.00
252,366,1.00
253,366,1.00
254,366,1.00
249,362,1.00
250,362,1.00
251,362,1.00
252,362,1.00
253,362,1.00
254,362,1.00
249,363,1.00
250,363,1.00
251,363,1.00
252,363,1.00
253,363,1.00
254,363,1.00
249,364,1.00
250,364,1.00
251,364,1.00
252,364,1.00
253,364,1.00
254,364,1.00
249,359,1.00
250,359,1.00
251,359,1.00
252,359,1.00
253,359,1.00
249,360,1.00
250,360,1.00
251,360,1.00
252,360,1.00
253,360,1.00
249,361,1.00
250,361,1.00
251,361,1.00
252,361,1.00
253,361,1.00
254,361,0.66
249,354,1.00
250,354,1.00
251,354,1.00
252,354,1.00
253,354,1.00
249,355,1.00
250,355,1.00
251,355,1.00
252,355,1.00
253,355,1.00
249,356,1.00
250,356,1.00
251,356,1.00
252,356,1.00
253,356,1.00
249,357,1.00
250,357,1.00
251,357,1.00
252,357,1.00
253,357,1.00
249,358,1.00
250,358,1.00
251,358,1.00
252,358,1.00
253,358,1.00
250,349,1.00
251,349,1.00
252,349,1.00
253,349,1.00
250,350,1.00
251,350,1.00
252,350,1.00
253,350,1.00
250,351,1.00
251,351,1.00
252,351,1.00
253,351,1.00
249,352,1.00
250,352,1.00
251,352,1.00
252,352,1.00
253,352,1.00
249,353,1.00
250,353,1.00
251,353,1.00
252,353,1.00
253,353,1.00
252,344,1.00
252,345,1.00
253,345,1.00
251,346,1.00
252,346,1.00
253,346,1.00
251,347,1.00
252,347,1.00
253,347,1.00
250,348,1.00
251,348,1.00
252,348,1.00
253,348,1.00
246,391,0.30
246,392,0.30
246,393,0.30
246,394,0.30
247,394,0.68
246,395,0.30
247,395,0.60
245,398,0.90
246,398,0.60
247,398,0.60
248,398,0.96
245,399,0.98
246,399,0.68
247,399,0.96
248,399,1.00
245,400,1.00
246,400,0.96
247,400,1.00
248,400,1.00
245,401,1.00
246,401,1.00
247,401,1.00
248,401,1.00
245,402,1.00
246,402,1.00
247,402,1.00
248,402,1.00
249,402,1.00
245,403,1.00
246,403,1.00
247,403,0.66
248,403,0.77
249,403,0.66
245,404,1.00
246,404,1.00
247,404,0.60
248,404,0.60
249,404,0.60
244,406,1.00
245,406,1.00
246,406,1.00
247,406,0.90
248,406,0.96
249,406,1.00
244,407,1.00
245,407,1.00
246,407,1.00
247,407,1.00
248,407,1.00
249,407,1.00
244,408,1.00
245,408,1.00
246,408,1.00
247,408,1.00
248,408,1.00
249,408,1.00
244,409,1.00
245,409,1.00
246,409,1.00
247,409,1.00
248,409,1.00
249,409,1.00
244,410,1.00
245,410,1.00
246,410,1.00
247,410,1.00
248,410,1.00
249,410,0.96
244,411,1.00
245,411,1.00
246,411,1.00
247,411,1.00
248,411,0.66
249,411,0.38
244,412,1.00
245,412,1.00
246,412,1.00
247,412,1.00
248,412,0.30
249,412,0.30
243,413,1.00
244,413,1.00
245,413,1.00
246,413,1.00
247,413,1.00
248,413,0.60
249,413,0.60
243,414,1.00
244,414,1.00
245,414,1.00
246,414,1.00
247,414,1.00
248,414,1.00
249,414,1.00
243,415,1.00
244,415,1.00
245,415,1.00
246,415,1.00
247,415,1.00
248,415,1.00
249,415,1.00
243,416,1.00
244,416,1.00
245,416,1.00
246,416,1.00
247,416,1.00
248,416,1.00
249,416,1.00
243,417,1.00
244,417,1.00
245,417,1.00
246,417,1.00
247,417,1.00
248,417,1.00
249,417,1.00
243,418,1.00
244,418,1.00
245,418,1.00
246,418,1.00
247,418,1.00
248,418,1.00
249,418,1.00
243,419,1.00
244,419,1.00
245,419,1.00
246,419,1.00
247,419,1.00
248,419,1.00
249,419,0.90
243,420,1.00
244,420,1.00
245,420,1.00
246,420,1.00
247,420,1.00
248,420,1.00
249,420,0.60
243,421,1.00
244,421,1.00
245,421,1.00
246,421,1.00
247,421,1.00
248,421,1.00
249,421,1.00
243,422,1.00
244,422,1.00
245,422,1.00
246,422,1.00
247,422,1.00
248,422,1.00
249,422,1.00
243,423,1.00
244,423,1.00
245,423,1.00
246,423,1.00
247,423,1.00
248,423,1.00
249,423,1.00
243,424,1.00
244,424,1.00
245,424,1.00
246,424,1.00
247,424,1.00
248,424,1.00
249,424,1.00
243,425,1.00
244,425,1.00
245,425,1.00
246,425,1.00
247,425,1.00
248,425,1.00
249,425,1.00
243,426,1.00
244,426,1.00
245,426,1.00
246,426,1.00
247,426,1.00
248,426,1.00
249,426,0.90
243,427,1.00
244,427,1.00
245,427,1.00
246,427,1.00
247,427,1.00
248,427,1.00
249,427,1.00
243,428,1.00
244,428,1.00
245,428,1.00
246,428,1.00
247,428,1.00
248,428,1.00
249,428,1.00
243,429,1.00
244,429,1.00
245,429,1.00
246,429,1.00
247,429,1.00
248,429,1.00
249,429,1.00
243,430,1.00
244,430,1.00
245,430,1.00
246,430,1.00
247,430,1.00
248,430,1.00
249,430,1.00
243,431,1.00
244,431,1.00
245,431,1.00
246,431,1.00
247,431,1.00
248,431,1.00
249,431,1.00
243,432,1.00
244,432,1.00
245,432,1.00
246,432,1.00
247,432,1.00
248,432,1.00
249,432,1.00
243,433,1.00
244,433,1.00
245,433,1.00
246,433,1.00
247,433,1.00
248,433,1.00
249,433,1.00
243,434,1.00
244,434,1.00
245,434,1.00
246,434,1.00
247,434,1.00
248,434,1.00
249,434,1.00
243,435,1.00
244,435,1.00
245,435,1.00
246,435,1.00
247,435,1.00
248,435,1.00
249,435,1.00
243,436,1.00
244,436,1.00
245,436,1.00
246,436,1.00
247,436,1.00
248,436,1.00
249,436,1.00
243,437,1.00
244,437,1.00
245,437,1.00
246,437,1.00
247,437,1.00
248,437,1.00
249,437,1.00
243,438,1.00
244,438,1.00
245,438,1.00
246,438,1.00
247,438,1.00
248,438,1.00
249,438,1.00
243,439,1.00
244,439,1.00
245,439,1.00
246,439,1.00
247,439,1.00
248,439,1.00
249,439,1.00
243,440,1.00
244,440,1.00
245,440,1.00
246,440,1.00
247,440,1.00
248,440,1.00
249,440,1.00
243,441,1.00
244,441,1.00
245,441,1.00
246,441,1.00
247,441,1.00
248,441,1.00
249,441,1.00
243,442,1.00
244,442,1.00
245,442,1.00
246,442,1.00
247,442,1.00
248,442,1.00
249,442,1.00
243,443,1.00
244,443,1.00
245,443,1.00
246,443,1.00
247,443,1.00
248,443,1.00
249,443,1.00
243,444,1.00
244,444,1.00
245,444,1.00
246,444,1.00
247,444,1.00
248,444,1.00
249,444,1.00
243,445,1.00
244,445,1.00
245,445,1.00
246,445,1.00
247,445,1.00
248,445,1.00
249,445,1.00
243,446,1.00
244,446,1.00
245,446,1.00
246,446,1.00
247,446,1.00
248,446,1.00
249,446,1.00
243,447,1.00
244,447,1.00
245,447,1.00
246,447,1.00
247,447,1.00
248,447,1.00
249,447,1.00
243,448,1.00
244,448,1.00
245,448,1.00
246,448,1.00
247,448,1.00
248,448,1.00
249,448,1.00
250,440,1.00
250,441,1.00
250,442,1.00
250,443,1.00
250,444,0.90
250,445,0.90
250,446,0.60
250,439,1.00
250,437,1.00
250,438,1.00
250,435,0.96
251,435,0.60
250,436,0.76
251,436,0.60
251,437,0.60
251,438,0.30
251,439,0.30
251,440,0.30
251,441,0.30
250,431,0.96
250,432,0.68
250,433,0.66
251,433,0.30
250,434,0.77
251,434,0.30
250,426,0.60
250,427,0.66
250,428,1.00
250,429,1.00
250,430,1.00
250,420,0.30
250,421,0.66
250,422,1.00
250,423,1.00
250,424,1.00
250,425,0.66
250,414,0.66
251,414,0.38
250,415,1.00
250,416,1.00
250,417,1.00
250,418,0.66
250,419,0.30
247,405,0.30
248,405,0.38
249,405,0.66
247,396,0.60
248,396,0.60
247,397,0.30
248,397,0.38
241,349,1.00
241,350,1.00
241,351,1.00
241,352,1.00
241,353,1.00
241,354,1.00
241,355,1.00
240,349,1.00
240,350,1.00
240,351,1.00
240,352,1.00
240,353,1.00
240,354,1.00
240,355,1.00
239,349,1.00
239,350,1.00
239,351,1.00
239,352,1.00
239,353,1.00
239,354,1.00
239,355,1.00
238,349,1.00
238,350,1.00
238,351,1.00
238,352,1.00
238,353,1.00
238,354,1.00
238,355,1.00
237,349,0.90
237,350,1.00
237,351,1.00
237,352,1.00
237,353,1.00
237,354,1.00
237,355,1.00
236,349,0.30
236,350,0.60
236,351,0.90
236,352,0.90
236,353,1.00
236,354,1.00
236,355,1.00
236,356,1.00
237,356,1.00
238,356,1.00
239,356,1.00
240,356,1.00
241,356,1.00
236,357,1.00
237,357,1.00
238,357,1.00
239,357,1.00
240,357,1.00
241,357,0.90
235,353,0.30
235,354,0.30
235,355,0.30
235,356,0.60
235,357,0.60
235,358,0.60
236,358,1.00
237,358,1.00
238,358,1.00
239,358,1.00
240,358,1.00
241,358,0.60
235,359,0.90
236,359,1.00
237,359,1.00
238,359,1.00
239,359,1.00
240,359,1.00
241,359,0.90
235,360,0.60
236,360,1.00
237,360,1.00
238,360,1.00
239,360,1.00
240,360,1.00
241,360,0.60
235,361,0.60
236,361,1.00
237,361,1.00
238,361,1.00
239,361,1.00
240,361,1.00
241,361,0.60
235,362,0.90
236,362,1.00
237,362,1.00
238,362,1.00
239,362,1.00
240,362,1.00
241,362,0.60
235,363,0.68
236,363,1.00
237,363,1.00
238,363,1.00
239,363,1.00
240,363,0.96
241,363,0.30
235,364,0.96
236,364,1.00
237,364,1.00
238,364,1.00
239,364,1.00
240,364,0.68
241,364,0.30
235,365,1.00
236,365,1.00
237,365,1.00
238,365,1.00
239,365,1.00
240,365,0.90
241,365,0.30
234,362,0.30
234,363,0.30
234,364,0.30
234,365,0.60
234,366,0.60
235,366,1.00
236,366,1.00
237,366,1.00
238,366,1.00
239,366,1.00
240,366,0.60
234,367,0.60
235,367,1.00
236,367,1.00
237,367,1.00
238,367,1.00
239,367,1.00
240,367,0.60
234,368,0.90
235,368,1.00
236,368,1.00
237,368,1.00
238,368,1.00
239,368,1.00
240,368,0.90
234,369,0.60
235,369,1.00
236,369,1.00
237,369,1.00
238,369,1.00
239,369,1.00
240,369,0.60
234,370,0.90
235,370,1.00
236,370,1.00
237,370,1.00
238,370,1.00
239,370,1.00
240,370,0.90
234,371,0.90
235,371,1.00
236,371,1.00
237,371,1.00
238,371,1.00
239,371,1.00
240,371,0.90
234,372,0.60
235,372,1.00
236,372,1.00
237,372,1.00
238,372,1.00
239,372,1.00
240,372,0.60
234,373,0.90
235,373,1.00
236,373,1.00
237,373,1.00
238,373,1.00
239,373,1.00
240,373,0.90
234,374,0.90
235,374,1.00
236,374,1.00
237,374,1.00
238,374,1.00
239,374,1.00
240,374,0.90
234,375,0.60
235,375,1.00
236,375,1.00
237,375,1.00
238,375,1.00
239,375,1.00
240,375,0.60
234,376,0.90
235,376,1.00
236,376,1.00
237,376,1.00
238,376,1.00
239,376,1.00
240,376,0.90
234,377,0.60
235,377,1.00
236,377,1.00
237,377,1.00
238,377,1.00
239,377,1.00
240,377,0.60
234,378,0.60
235,378,1.00
236,378,1.00
237,378,1.00
238,378,1.00
239,378,1.00
240,378,0.60
234,379,0.60
235,379,1.00
236,379,1.00
237,379,1.00
238,379,1.00
239,379,1.00
240,379,0.90
234,380,0.30
235,380,0.96
236,380,1.00
237,380,1.00
238,380,1.00
239,380,1.00
240,380,0.68
234,381,0.30
235,381,0.68
236,381,1.00
237,381,1.00
238,381,1.00
239,381,1.00
240,381,0.96
234,382,0.30
235,382,0.60
236,382,1.00
237,382,1.00
238,382,1.00
239,382,1.00
240,382,1.00
241,379,0.30
241,380,0.30
241,381,0.30
241,382,0.30
235,383,0.30
236,383,0.96
237,383,1.00
238,383,1.00
239,383,1.00
240,383,0.96
241,383,0.60
235,384,0.30
236,384,0.68
237,384,1.00
238,384,1.00
239,384,1.00
240,384,1.00
241,384,0.68
235,385,0.30
236,385,0.60
237,385,0.96
238,385,1.00
239,385,1.00
240,385,1.00
241,385,0.96
242,383,0.30
242,384,0.30
242,385,0.30
236,386,0.30
237,386,0.77
238,386,1.00
239,386,1.00
240,386,1.00
241,386,0.77
242,386,0.30
236,387,0.30
237,387,0.96
238,387,1.00
239,387,1.00
240,387,1.00
241,387,0.96
242,387,0.60
236,388,0.30
237,388,0.68
238,388,1.00
239,388,1.00
240,388,1.00
241,388,1.00
242,388,0.68
236,389,0.30
237,389,0.60
238,389,0.96
239,389,1.00
240,389,1.00
241,389,1.00
242,389,0.96
243,387,0.30
243,388,0.30
243,389,0.30
237,390,0.30
238,390,0.77
239,390,1.00
240,390,1.00
241,390,1.00
242,390,0.77
243,390,0.30
237,391,0.30
238,391,0.96
239,391,1.00
240,391,1.00
241,391,1.00
242,391,0.96
243,391,0.60
237,392,0.30
238,392,0.68
239,392,1.00
240,392,1.00
241,392,1.00
242,392,1.00
243,392,0.68
237,393,0.30
238,393,0.60
239,393,0.96
240,393,1.00
241,393,1.00
242,393,1.00
243,393,0.96
244,391,0.30
244,392,0.30
244,393,0.30
238,394,0.30
239,394,0.77
240,394,1.00
241,394,1.00
242,394,1.00
243,394,0.77
244,394,0.30
238,395,0.30
239,395,0.96
240,395,1.00
241,395,1.00
242,395,1.00
243,395,0.96
244,395,0.60
238,396,0.30
239,396,0.68
240,396,1.00
241,396,1.00
242,396,1.00
243,396,1.00
244,396,0.68
238,397,0.30
239,397,0.60
240,397,0.96
241,397,1.00
242,397,1.00
243,397,1.00
244,397,0.96
245,395,0.30
245,396,0.30
245,397,0.30
239,398,0.30
240,398,1.00
241,398,1.00
242,398,1.00
243,398,1.00
244,398,1.00
239,399,0.30
240,399,0.96
241,399,1.00
242,399,1.00
243,399,1.00
244,399,1.00
239,400,0.30
240,400,0.68
241,400,1.00
242,400,1.00
243,400,1.00
244,400,1.00
239,401,0.30
240,401,0.90
241,401,1.00
242,401,1.00
243,401,1.00
244,401,1.00
240,402,0.60
241,402,1.00
242,402,1.00
243,402,1.00
244,402,1.00
240,403,0.90
241,403,1.00
242,403,1.00
243,403,1.00
244,403,1.00
240,404,0.90
241,404,1.00
242,404,1.00
243,404,1.00
244,404,1.00
240,405,0.90
241,405,1.00
242,405,1.00
243,405,1.00
244,405,1.00
245,405,1.00
246,405,0.90
240,406,0.90
241,406,1.00
242,406,1.00
243,406,1.00
240,407,0.90
241,407,1.00
242,407,1.00
243,407,1.00
240,408,0.60
241,408,1.00
242,408,1.00
243,408,1.00
240,409,0.60
241,409,1.00
242,409,1.00
243,409,1.00
240,410,0.30
241,410,1.00
242,410,1.00
243,410,1.00
240,411,0.30
241,411,1.00
242,411,1.00
243,411,1.00
241,412,1.00
242,412,1.00
243,412,1.00
241,413,1.00
242,413,1.00
241,414,1.00
242,414,1.00
241,415,1.00
242,415,1.00
241,416,1.00
242,416,1.00
241,417,1.00
242,417,1.00
241,418,1.00
242,418,1.00
241,419,1.00
242,419,1.00
241,420,1.00
242,420,1.00
241,421,0.90
242,421,1.00
241,422,0.60
242,422,1.00
241,423,0.30
242,423,1.00
241,424,0.30
242,424,1.00
242,425,1.00
242,426,1.00
242,427,1.00
242,428,1.00
242,429,1.00
242,430,1.00
242,431,1.00
242,432,1.00
242,433,1.00
242,434,1.00
242,435,1.00
241,431,0.30
241,432,0.60
241,433,0.90
241,434,1.00
241,435,1.00
241,436,1.00
242,436,1.00
241,437,1.00
242,437,1.00
241,438,1.00
242,438,1.00
241,439,0.68
242,439,0.96
240,434,0.30
240,435,0.30
240,436,0.30
240,437,0.30
240,438,0.30
240,439,0.30
240,440,0.30
241,440,0.30
242,440,0.30

